"Plot Title: PPW1316_10006345"
"#","Date Time, GMT-08:00","Temp, °C (LGR S/N: 10006345, SEN S/N: 10006345)","RH, % (LGR S/N: 10006345, SEN S/N: 10006345)","Coupler Detached (LGR S/N: 10006345)","Coupler Attached (LGR S/N: 10006345)","Stopped (LGR S/N: 10006345)","End Of File (LGR S/N: 10006345)"
1,09/18/17 12:30:00 PM,23.930,50.862,Logged,,,
2,09/18/17 01:00:00 PM,25.065,48.239,,,,
3,09/18/17 01:30:00 PM,24.171,50.164,,,,
4,09/18/17 02:00:00 PM,24.219,48.514,,,,
5,09/18/17 02:30:00 PM,25.404,43.566,,,,
6,09/18/17 03:00:00 PM,23.857,49.964,,,,
7,09/18/17 03:30:00 PM,23.184,49.146,,,,
8,09/18/17 04:00:00 PM,22.657,48.728,,,,
9,09/18/17 04:30:00 PM,21.939,50.027,,,,
10,09/18/17 05:00:00 PM,20.507,51.156,,,,
11,09/18/17 05:30:00 PM,19.341,53.547,,,,
12,09/18/17 06:00:00 PM,17.938,56.263,,,,
13,09/18/17 06:30:00 PM,16.606,61.998,,,,
14,09/18/17 07:00:00 PM,16.082,64.548,,,,
15,09/18/17 07:30:00 PM,15.700,65.012,,,,
16,09/18/17 08:00:00 PM,15.223,63.604,,,,
17,09/18/17 08:30:00 PM,14.864,62.894,,,,
18,09/18/17 09:00:00 PM,14.553,63.107,,,,
19,09/18/17 09:30:00 PM,14.194,65.714,,,,
20,09/18/17 10:00:00 PM,13.810,70.353,,,,
21,09/18/17 10:30:00 PM,13.497,73.251,,,,
22,09/18/17 11:00:00 PM,13.257,74.274,,,,
23,09/18/17 11:30:00 PM,13.257,74.864,,,,
24,09/19/17 12:00:00 AM,12.968,75.310,,,,
25,09/19/17 12:30:00 AM,12.582,78.368,,,,
26,09/19/17 01:00:00 AM,12.122,79.068,,,,
27,09/19/17 01:30:00 AM,11.467,81.813,,,,
28,09/19/17 02:00:00 AM,11.929,83.402,,,,
29,09/19/17 02:30:00 AM,12.243,81.960,,,,
30,09/19/17 03:00:00 AM,11.419,83.286,,,,
31,09/19/17 03:30:00 AM,11.151,84.777,,,,
32,09/19/17 04:00:00 AM,10.492,87.059,,,,
33,09/19/17 04:30:00 AM,10.026,87.263,,,,
34,09/19/17 05:00:00 AM,9.682,89.423,,,,
35,09/19/17 05:30:00 AM,9.509,88.991,,,,
36,09/19/17 06:00:00 AM,9.509,89.743,,,,
37,09/19/17 06:30:00 AM,9.435,89.414,,,,
38,09/19/17 07:00:00 AM,10.296,88.429,,,,
39,09/19/17 07:30:00 AM,11.783,83.853,,,,
40,09/19/17 08:00:00 AM,12.775,79.263,,,,
41,09/19/17 08:30:00 AM,13.930,73.337,,,,
42,09/19/17 09:00:00 AM,15.342,66.968,,,,
43,09/19/17 09:30:00 AM,17.034,61.113,,,,
44,09/19/17 10:00:00 AM,19.175,55.036,,,,
45,09/19/17 10:30:00 AM,20.650,45.356,,,,
46,09/19/17 11:00:00 AM,22.011,41.752,,,,
47,09/19/17 11:30:00 AM,23.376,37.619,,,,
48,09/19/17 12:00:00 PM,23.930,36.089,,,,
49,09/19/17 12:30:00 PM,23.545,36.184,,,,
50,09/19/17 01:00:00 PM,23.665,36.063,,,,
51,09/19/17 01:30:00 PM,24.267,35.658,,,,
52,09/19/17 02:00:00 PM,24.146,34.416,,,,
53,09/19/17 02:30:00 PM,24.363,34.436,,,,
54,09/19/17 03:00:00 PM,24.460,34.279,,,,
55,09/19/17 03:30:00 PM,24.074,35.772,,,,
56,09/19/17 04:00:00 PM,24.050,36.730,,,,
57,09/19/17 04:30:00 PM,23.665,37.451,,,,
58,09/19/17 05:00:00 PM,23.472,37.761,,,,
59,09/19/17 05:30:00 PM,21.867,42.222,,,,
60,09/19/17 06:00:00 PM,20.269,47.788,,,,
61,09/19/17 06:30:00 PM,18.842,52.298,,,,
62,09/19/17 07:00:00 PM,17.986,55.076,,,,
63,09/19/17 07:30:00 PM,17.344,56.844,,,,
64,09/19/17 08:00:00 PM,16.582,59.750,,,,
65,09/19/17 08:30:00 PM,16.725,60.583,,,,
66,09/19/17 09:00:00 PM,16.249,62.593,,,,
67,09/19/17 09:30:00 PM,15.796,64.823,,,,
68,09/19/17 10:00:00 PM,15.414,66.514,,,,
69,09/19/17 10:30:00 PM,14.745,69.265,,,,
70,09/19/17 11:00:00 PM,14.170,69.791,,,,
71,09/19/17 11:30:00 PM,14.122,70.269,,,,
72,09/20/17 12:00:00 AM,13.930,69.631,,,,
73,09/20/17 12:30:00 AM,13.882,68.673,,,,
74,09/20/17 01:00:00 AM,13.570,69.936,,,,
75,09/20/17 01:30:00 AM,13.666,68.546,,,,
76,09/20/17 02:00:00 AM,13.618,69.916,,,,
77,09/20/17 02:30:00 AM,13.786,70.721,,,,
78,09/20/17 03:00:00 AM,14.314,70.850,,,,
79,09/20/17 03:30:00 AM,14.577,71.929,,,,
80,09/20/17 04:00:00 AM,14.697,73.063,,,,
81,09/20/17 04:30:00 AM,14.840,75.242,,,,
82,09/20/17 05:00:00 AM,14.673,80.612,,,,
83,09/20/17 05:30:00 AM,14.649,81.432,,,,
84,09/20/17 06:00:00 AM,14.745,83.476,,,,
85,09/20/17 06:30:00 AM,14.960,82.542,,,,
86,09/20/17 07:00:00 AM,15.151,81.680,,,,
87,09/20/17 07:30:00 AM,15.557,81.797,,,,
88,09/20/17 08:00:00 AM,15.796,85.861,,,,
89,09/20/17 08:30:00 AM,17.034,81.073,,,,
90,09/20/17 09:00:00 AM,17.463,79.439,,,,
91,09/20/17 09:30:00 AM,17.510,81.094,,,,
92,09/20/17 10:00:00 AM,18.509,74.961,,,,
93,09/20/17 10:30:00 AM,18.604,69.490,,,,
94,09/20/17 11:00:00 AM,19.651,64.569,,,,
95,09/20/17 11:30:00 AM,20.722,63.524,,,,
96,09/20/17 12:00:00 PM,21.318,57.355,,,,
97,09/20/17 12:30:00 PM,21.581,54.457,,,,
98,09/20/17 01:00:00 PM,22.178,47.426,,,,
99,09/20/17 01:30:00 PM,22.776,45.742,,,,
100,09/20/17 02:00:00 PM,22.250,47.976,,,,
101,09/20/17 02:30:00 PM,21.533,50.729,,,,
102,09/20/17 03:00:00 PM,21.175,51.748,,,,
103,09/20/17 03:30:00 PM,20.603,52.918,,,,
104,09/20/17 04:00:00 PM,19.936,49.510,,,,
105,09/20/17 04:30:00 PM,19.460,49.385,,,,
106,09/20/17 05:00:00 PM,18.747,52.130,,,,
107,09/20/17 05:30:00 PM,17.891,53.494,,,,
108,09/20/17 06:00:00 PM,17.249,55.794,,,,
109,09/20/17 06:30:00 PM,16.439,60.596,,,,
110,09/20/17 07:00:00 PM,15.891,61.880,,,,
111,09/20/17 07:30:00 PM,15.342,62.382,,,,
112,09/20/17 08:00:00 PM,14.745,63.139,,,,
113,09/20/17 08:30:00 PM,14.266,64.615,,,,
114,09/20/17 09:00:00 PM,13.497,66.984,,,,
115,09/20/17 09:30:00 PM,13.040,70.464,,,,
116,09/20/17 10:00:00 PM,12.654,72.066,,,,
117,09/20/17 10:30:00 PM,12.074,74.064,,,,
118,09/20/17 11:00:00 PM,11.880,75.978,,,,
119,09/20/17 11:30:00 PM,11.175,77.380,,,,
120,09/21/17 12:00:00 AM,11.175,77.270,,,,
121,09/21/17 12:30:00 AM,11.127,76.652,,,,
122,09/21/17 01:00:00 AM,10.810,78.346,,,,
123,09/21/17 01:30:00 AM,10.541,79.953,,,,
124,09/21/17 02:00:00 AM,10.247,82.158,,,,
125,09/21/17 02:30:00 AM,10.638,82.193,,,,
126,09/21/17 03:00:00 AM,10.443,82.176,,,,
127,09/21/17 03:30:00 AM,10.198,82.577,,,,
128,09/21/17 04:00:00 AM,9.805,84.170,,,,
129,09/21/17 04:30:00 AM,9.756,84.345,,,,
130,09/21/17 05:00:00 AM,9.682,84.753,,,,
131,09/21/17 05:30:00 AM,9.558,82.753,,,,
132,09/21/17 06:00:00 AM,8.792,85.494,,,,
133,09/21/17 06:30:00 AM,9.064,85.190,,,,
134,09/21/17 07:00:00 AM,8.965,85.615,,,,
135,09/21/17 07:30:00 AM,9.509,83.409,,,,
136,09/21/17 08:00:00 AM,10.932,77.603,,,,
137,09/21/17 08:30:00 AM,12.582,67.943,,,,
138,09/21/17 09:00:00 AM,13.786,61.619,,,,
139,09/21/17 09:30:00 AM,15.294,54.407,,,,
140,09/21/17 10:00:00 AM,16.844,48.853,,,,
141,09/21/17 10:30:00 AM,18.010,42.617,,,,
142,09/21/17 11:00:00 AM,19.770,37.449,,,,
143,09/21/17 11:30:00 AM,19.936,35.634,,,,
144,09/21/17 12:00:00 PM,20.293,36.194,,,,
145,09/21/17 12:30:00 PM,20.484,35.687,,,,
146,09/21/17 01:00:00 PM,21.795,33.600,,,,
147,09/21/17 01:30:00 PM,21.056,35.644,,,,
148,09/21/17 02:00:00 PM,22.513,32.501,,,,
149,09/21/17 02:30:00 PM,22.321,32.083,,,,
150,09/21/17 03:00:00 PM,22.705,31.382,,,,
151,09/21/17 03:30:00 PM,21.557,32.082,,,,
152,09/21/17 04:00:00 PM,21.437,34.626,,,,
153,09/21/17 04:30:00 PM,20.746,38.333,,,,
154,09/21/17 05:00:00 PM,19.960,40.199,,,,
155,09/21/17 05:30:00 PM,17.748,45.859,,,,
156,09/21/17 06:00:00 PM,16.558,49.998,,,,
157,09/21/17 06:30:00 PM,15.414,53.783,,,,
158,09/21/17 07:00:00 PM,14.721,56.627,,,,
159,09/21/17 07:30:00 PM,14.146,58.643,,,,
160,09/21/17 08:00:00 PM,13.690,59.704,,,,
161,09/21/17 08:30:00 PM,13.257,60.644,,,,
162,09/21/17 09:00:00 PM,12.775,61.894,,,,
163,09/21/17 09:30:00 PM,12.437,62.660,,,,
164,09/21/17 10:00:00 PM,11.904,64.379,,,,
165,09/21/17 10:30:00 PM,11.443,66.180,,,,
166,09/21/17 11:00:00 PM,11.273,67.931,,,,
167,09/21/17 11:30:00 PM,10.247,70.271,,,,
168,09/22/17 12:00:00 AM,9.879,72.197,,,,
169,09/22/17 12:30:00 AM,9.410,73.472,,,,
170,09/22/17 01:00:00 AM,8.965,75.291,,,,
171,09/22/17 01:30:00 AM,8.767,79.834,,,,
172,09/22/17 02:00:00 AM,8.070,80.541,,,,
173,09/22/17 02:30:00 AM,7.619,80.280,,,,
174,09/22/17 03:00:00 AM,8.170,84.002,,,,
175,09/22/17 03:30:00 AM,7.770,81.278,,,,
176,09/22/17 04:00:00 AM,7.469,84.550,,,,
177,09/22/17 04:30:00 AM,7.544,83.195,,,,
178,09/22/17 05:00:00 AM,7.820,83.259,,,,
179,09/22/17 05:30:00 AM,7.293,83.771,,,,
180,09/22/17 06:00:00 AM,7.142,84.420,,,,
181,09/22/17 06:30:00 AM,7.393,84.164,,,,
182,09/22/17 07:00:00 AM,7.870,84.908,,,,
183,09/22/17 07:30:00 AM,9.361,79.721,,,,
184,09/22/17 08:00:00 AM,10.296,76.451,,,,
185,09/22/17 08:30:00 AM,11.613,71.919,,,,
186,09/22/17 09:00:00 AM,13.594,65.753,,,,
187,09/22/17 09:30:00 AM,16.511,56.657,,,,
188,09/22/17 10:00:00 AM,19.032,47.409,,,,
189,09/22/17 10:30:00 AM,19.888,43.347,,,,
190,09/22/17 11:00:00 AM,20.341,43.848,,,,
191,09/22/17 11:30:00 AM,21.223,41.987,,,,
192,09/22/17 12:00:00 PM,21.509,39.912,,,,
193,09/22/17 12:30:00 PM,19.936,43.577,,,,
194,09/22/17 01:00:00 PM,21.103,39.413,,,,
195,09/22/17 01:30:00 PM,20.555,40.943,,,,
196,09/22/17 02:00:00 PM,20.746,40.446,,,,
197,09/22/17 02:30:00 PM,22.729,35.542,,,,
198,09/22/17 03:00:00 PM,20.817,36.508,,,,
199,09/22/17 03:30:00 PM,20.412,40.248,,,,
200,09/22/17 04:00:00 PM,19.936,42.293,,,,
201,09/22/17 04:30:00 PM,19.080,45.738,,,,
202,09/22/17 05:00:00 PM,18.747,46.457,,,,
203,09/22/17 05:30:00 PM,18.319,46.656,,,,
204,09/22/17 06:00:00 PM,17.510,49.065,,,,
205,09/22/17 06:30:00 PM,15.223,55.218,,,,
206,09/22/17 07:00:00 PM,13.786,59.243,,,,
207,09/22/17 07:30:00 PM,13.209,61.110,,,,
208,09/22/17 08:00:00 PM,12.823,62.461,,,,
209,09/22/17 08:30:00 PM,12.968,62.338,,,,
210,09/22/17 09:00:00 PM,12.703,63.584,,,,
211,09/22/17 09:30:00 PM,12.389,64.522,,,,
212,09/22/17 10:00:00 PM,11.686,68.180,,,,
213,09/22/17 10:30:00 PM,11.321,69.824,,,,
214,09/22/17 11:00:00 PM,11.297,70.614,,,,
215,09/22/17 11:30:00 PM,12.001,69.497,,,,
216,09/23/17 12:00:00 AM,12.122,68.604,,,,
217,09/23/17 12:30:00 AM,11.953,69.002,,,,
218,09/23/17 01:00:00 AM,11.516,70.003,,,,
219,09/23/17 01:30:00 AM,10.492,71.925,,,,
220,09/23/17 02:00:00 AM,10.001,74.231,,,,
221,09/23/17 02:30:00 AM,10.467,73.461,,,,
222,09/23/17 03:00:00 AM,11.759,60.074,,,,
223,09/23/17 03:30:00 AM,14.864,40.794,,,,
224,09/23/17 04:00:00 AM,13.786,50.488,,,,
225,09/23/17 04:30:00 AM,12.920,52.784,,,,
226,09/23/17 05:00:00 AM,11.807,57.946,,,,
227,09/23/17 05:30:00 AM,11.102,60.380,,,,
228,09/23/17 06:00:00 AM,11.078,56.461,,,,
229,09/23/17 06:30:00 AM,13.016,46.615,,,,
230,09/23/17 07:00:00 AM,12.727,48.498,,,,
231,09/23/17 07:30:00 AM,13.329,50.487,,,,
232,09/23/17 08:00:00 AM,14.194,49.186,,,,
233,09/23/17 08:30:00 AM,15.963,42.382,,,,
234,09/23/17 09:00:00 AM,17.510,38.966,,,,
235,09/23/17 09:30:00 AM,19.651,36.980,,,,
236,09/23/17 10:00:00 AM,22.130,26.215,,,,
237,09/23/17 10:30:00 AM,24.050,22.386,,,,
238,09/23/17 11:00:00 AM,25.817,19.377,,,,
239,09/23/17 11:30:00 AM,26.158,18.768,,,,
240,09/23/17 12:00:00 PM,26.304,18.531,,,,
241,09/23/17 12:30:00 PM,26.451,17.734,,,,
242,09/23/17 01:00:00 PM,27.063,17.451,,,,
243,09/23/17 01:30:00 PM,28.072,16.058,,,,
244,09/23/17 02:00:00 PM,27.628,15.824,,,,
245,09/23/17 02:30:00 PM,27.653,15.259,,,,
246,09/23/17 03:00:00 PM,27.333,15.102,,,,
247,09/23/17 03:30:00 PM,26.916,14.941,,,,
248,09/23/17 04:00:00 PM,26.622,15.209,,,,
249,09/23/17 04:30:00 PM,25.841,16.860,,,,
250,09/23/17 05:00:00 PM,25.744,16.995,,,,
251,09/23/17 05:30:00 PM,24.532,19.372,,,,
252,09/23/17 06:00:00 PM,22.465,20.357,,,,
253,09/23/17 06:30:00 PM,19.532,25.820,,,,
254,09/23/17 07:00:00 PM,17.748,26.359,,,,
255,09/23/17 07:30:00 PM,17.034,29.900,,,,
256,09/23/17 08:00:00 PM,16.201,34.880,,,,
257,09/23/17 08:30:00 PM,16.892,40.668,,,,
258,09/23/17 09:00:00 PM,15.485,41.819,,,,
259,09/23/17 09:30:00 PM,15.127,44.624,,,,
260,09/23/17 10:00:00 PM,14.481,46.207,,,,
261,09/23/17 10:30:00 PM,13.906,48.405,,,,
262,09/23/17 11:00:00 PM,13.690,49.304,,,,
263,09/23/17 11:30:00 PM,13.642,49.976,,,,
264,09/24/17 12:00:00 AM,13.497,50.234,,,,
265,09/24/17 12:30:00 AM,13.353,50.767,,,,
266,09/24/17 01:00:00 AM,13.112,51.499,,,,
267,09/24/17 01:30:00 AM,12.413,53.773,,,,
268,09/24/17 02:00:00 AM,12.074,54.630,,,,
269,09/24/17 02:30:00 AM,13.112,49.443,,,,
270,09/24/17 03:00:00 AM,12.654,48.735,,,,
271,09/24/17 03:30:00 AM,13.425,45.950,,,,
272,09/24/17 04:00:00 AM,13.233,50.044,,,,
273,09/24/17 04:30:00 AM,13.353,50.644,,,,
274,09/24/17 05:00:00 AM,12.871,51.680,,,,
275,09/24/17 05:30:00 AM,12.316,52.971,,,,
276,09/24/17 06:00:00 AM,12.243,53.749,,,,
277,09/24/17 06:30:00 AM,11.807,55.042,,,,
278,09/24/17 07:00:00 AM,14.840,41.999,,,,
279,09/24/17 07:30:00 AM,17.463,36.955,,,,
280,09/24/17 08:00:00 AM,18.485,34.182,,,,
281,09/24/17 08:30:00 AM,20.817,27.669,,,,
282,09/24/17 09:00:00 AM,22.202,25.338,,,,
283,09/24/17 09:30:00 AM,23.905,22.308,,,,
284,09/24/17 10:00:00 AM,25.210,20.384,,,,
285,09/24/17 10:30:00 AM,26.940,18.602,,,,
286,09/24/17 11:00:00 AM,28.122,17.542,,,,
287,09/24/17 11:30:00 AM,27.407,17.856,,,,
288,09/24/17 12:00:00 PM,28.692,16.584,,,,
289,09/24/17 12:30:00 PM,28.468,16.714,,,,
290,09/24/17 01:00:00 PM,28.468,16.361,,,,
291,09/24/17 01:30:00 PM,29.190,15.262,,,,
292,09/24/17 02:00:00 PM,29.615,15.425,,,,
293,09/24/17 02:30:00 PM,29.665,15.498,,,,
294,09/24/17 03:00:00 PM,29.665,15.641,,,,
295,09/24/17 03:30:00 PM,29.040,16.177,,,,
296,09/24/17 04:00:00 PM,28.543,18.340,,,,
297,09/24/17 04:30:00 PM,27.259,20.368,,,,
298,09/24/17 05:00:00 PM,26.182,22.040,,,,
299,09/24/17 05:30:00 PM,24.944,24.028,,,,
300,09/24/17 06:00:00 PM,23.280,26.946,,,,
301,09/24/17 06:30:00 PM,21.199,30.016,,,,
302,09/24/17 07:00:00 PM,20.436,31.817,,,,
303,09/24/17 07:30:00 PM,19.508,34.410,,,,
304,09/24/17 08:00:00 PM,18.985,35.999,,,,
305,09/24/17 08:30:00 PM,17.915,38.718,,,,
306,09/24/17 09:00:00 PM,17.058,40.974,,,,
307,09/24/17 09:30:00 PM,16.844,41.526,,,,
308,09/24/17 10:00:00 PM,16.201,43.235,,,,
309,09/24/17 10:30:00 PM,15.557,44.865,,,,
310,09/24/17 11:00:00 PM,14.984,46.645,,,,
311,09/24/17 11:30:00 PM,15.247,45.833,,,,
312,09/25/17 12:00:00 AM,15.151,46.166,,,,
313,09/25/17 12:30:00 AM,15.055,45.872,,,,
314,09/25/17 01:00:00 AM,14.697,47.109,,,,
315,09/25/17 01:30:00 AM,15.151,45.633,,,,
316,09/25/17 02:00:00 AM,15.342,45.311,,,,
317,09/25/17 02:30:00 AM,14.697,47.483,,,,
318,09/25/17 03:00:00 AM,14.433,48.350,,,,
319,09/25/17 03:30:00 AM,13.882,50.440,,,,
320,09/25/17 04:00:00 AM,14.290,50.064,,,,
321,09/25/17 04:30:00 AM,13.762,51.283,,,,
322,09/25/17 05:00:00 AM,13.546,51.682,,,,
323,09/25/17 05:30:00 AM,13.425,52.399,,,,
324,09/25/17 06:00:00 AM,13.810,51.688,,,,
325,09/25/17 06:30:00 AM,13.858,52.246,,,,
326,09/25/17 07:00:00 AM,14.314,51.973,,,,
327,09/25/17 07:30:00 AM,15.843,49.933,,,,
328,09/25/17 08:00:00 AM,17.391,44.454,,,,
329,09/25/17 08:30:00 AM,18.747,40.583,,,,
330,09/25/17 09:00:00 AM,21.032,36.398,,,,
331,09/25/17 09:30:00 AM,23.809,30.806,,,,
332,09/25/17 10:00:00 AM,26.304,26.526,,,,
333,09/25/17 10:30:00 AM,28.667,20.522,,,,
334,09/25/17 11:00:00 AM,30.444,17.843,,,,
335,09/25/17 11:30:00 AM,31.103,16.565,,,,
336,09/25/17 12:00:00 PM,31.281,15.933,,,,
337,09/25/17 12:30:00 PM,30.900,16.377,,,,
338,09/25/17 01:00:00 PM,31.230,15.717,,,,
339,09/25/17 01:30:00 PM,31.637,15.237,,,,
340,09/25/17 02:00:00 PM,32.872,15.081,,,,
341,09/25/17 02:30:00 PM,32.278,15.625,,,,
342,09/25/17 03:00:00 PM,32.433,14.917,,,,
343,09/25/17 03:30:00 PM,31.561,15.591,,,,
344,09/25/17 04:00:00 PM,29.916,18.980,,,,
345,09/25/17 04:30:00 PM,29.740,19.463,,,,
346,09/25/17 05:00:00 PM,28.965,20.820,,,,
347,09/25/17 05:30:00 PM,28.221,22.657,,,,
348,09/25/17 06:00:00 PM,25.404,27.278,,,,
349,09/25/17 06:30:00 PM,22.657,31.612,,,,
350,09/25/17 07:00:00 PM,22.465,32.230,,,,
351,09/25/17 07:30:00 PM,21.342,35.178,,,,
352,09/25/17 08:00:00 PM,21.127,37.947,,,,
353,09/25/17 08:30:00 PM,20.817,40.032,,,,
354,09/25/17 09:00:00 PM,20.293,41.754,,,,
355,09/25/17 09:30:00 PM,18.937,44.417,,,,
356,09/25/17 10:00:00 PM,18.081,46.184,,,,
357,09/25/17 10:30:00 PM,17.986,46.741,,,,
358,09/25/17 11:00:00 PM,17.962,47.682,,,,
359,09/25/17 11:30:00 PM,17.701,48.558,,,,
360,09/26/17 12:00:00 AM,17.653,50.612,,,,
361,09/26/17 12:30:00 AM,17.843,50.295,,,,
362,09/26/17 01:00:00 AM,17.272,51.274,,,,
363,09/26/17 01:30:00 AM,16.677,52.921,,,,
364,09/26/17 02:00:00 AM,16.511,53.328,,,,
365,09/26/17 02:30:00 AM,17.153,46.919,,,,
366,09/26/17 03:00:00 AM,17.867,49.800,,,,
367,09/26/17 03:30:00 AM,16.844,52.328,,,,
368,09/26/17 04:00:00 AM,17.225,52.968,,,,
369,09/26/17 04:30:00 AM,16.534,54.924,,,,
370,09/26/17 05:00:00 AM,16.344,55.872,,,,
371,09/26/17 05:30:00 AM,15.509,58.948,,,,
372,09/26/17 06:00:00 AM,15.843,56.707,,,,
373,09/26/17 06:30:00 AM,18.176,46.796,,,,
374,09/26/17 07:00:00 AM,19.294,44.683,,,,
375,09/26/17 07:30:00 AM,18.794,49.516,,,,
376,09/26/17 08:00:00 AM,20.341,43.880,,,,
377,09/26/17 08:30:00 AM,22.753,38.737,,,,
378,09/26/17 09:00:00 AM,24.002,35.433,,,,
379,09/26/17 09:30:00 AM,26.965,27.670,,,,
380,09/26/17 10:00:00 AM,30.091,21.310,,,,
381,09/26/17 10:30:00 AM,31.408,19.347,,,,
382,09/26/17 11:00:00 AM,32.742,17.647,,,,
383,09/26/17 11:30:00 AM,32.433,17.915,,,,
384,09/26/17 12:00:00 PM,32.794,16.723,,,,
385,09/26/17 12:30:00 PM,33.209,16.172,,,,
386,09/26/17 01:00:00 PM,33.469,16.113,,,,
387,09/26/17 01:30:00 PM,34.202,14.784,,,,
388,09/26/17 02:00:00 PM,34.019,15.063,,,,
389,09/26/17 02:30:00 PM,33.783,14.980,,,,
390,09/26/17 03:00:00 PM,33.574,15.330,,,,
391,09/26/17 03:30:00 PM,33.105,16.095,,,,
392,09/26/17 04:00:00 PM,32.227,16.907,,,,
393,09/26/17 04:30:00 PM,31.663,17.092,,,,
394,09/26/17 05:00:00 PM,31.026,17.981,,,,
395,09/26/17 05:30:00 PM,30.091,19.201,,,,
396,09/26/17 06:00:00 PM,26.695,24.320,,,,
397,09/26/17 06:30:00 PM,24.460,27.206,,,,
398,09/26/17 07:00:00 PM,23.088,29.534,,,,
399,09/26/17 07:30:00 PM,22.513,30.695,,,,
400,09/26/17 08:00:00 PM,22.130,31.466,,,,
401,09/26/17 08:30:00 PM,21.891,32.179,,,,
402,09/26/17 09:00:00 PM,22.082,32.129,,,,
403,09/26/17 09:30:00 PM,22.441,31.359,,,,
404,09/26/17 10:00:00 PM,22.896,31.231,,,,
405,09/26/17 10:30:00 PM,22.178,31.236,,,,
406,09/26/17 11:00:00 PM,23.088,26.592,,,,
407,09/26/17 11:30:00 PM,21.557,30.347,,,,
408,09/27/17 12:00:00 AM,19.960,32.836,,,,
409,09/27/17 12:30:00 AM,19.460,33.088,,,,
410,09/27/17 01:00:00 AM,18.889,34.319,,,,
411,09/27/17 01:30:00 AM,18.771,33.486,,,,
412,09/27/17 02:00:00 AM,18.723,33.185,,,,
413,09/27/17 02:30:00 AM,19.603,30.881,,,,
414,09/27/17 03:00:00 AM,18.509,33.528,,,,
415,09/27/17 03:30:00 AM,18.747,31.536,,,,
416,09/27/17 04:00:00 AM,18.081,33.488,,,,
417,09/27/17 04:30:00 AM,18.152,32.771,,,,
418,09/27/17 05:00:00 AM,18.057,33.551,,,,
419,09/27/17 05:30:00 AM,17.130,36.272,,,,
420,09/27/17 06:00:00 AM,16.320,37.518,,,,
421,09/27/17 06:30:00 AM,17.272,35.570,,,,
422,09/27/17 07:00:00 AM,17.891,36.087,,,,
423,09/27/17 07:30:00 AM,20.246,33.159,,,,
424,09/27/17 08:00:00 AM,21.939,31.182,,,,
425,09/27/17 08:30:00 AM,22.609,32.776,,,,
426,09/27/17 09:00:00 AM,25.598,27.702,,,,
427,09/27/17 09:30:00 AM,27.358,21.559,,,,
428,09/27/17 10:00:00 AM,29.765,18.195,,,,
429,09/27/17 10:30:00 AM,30.824,16.622,,,,
430,09/27/17 11:00:00 AM,32.175,15.763,,,,
431,09/27/17 11:30:00 AM,32.691,15.359,,,,
432,09/27/17 12:00:00 PM,31.842,15.390,,,,
433,09/27/17 12:30:00 PM,32.021,15.327,,,,
434,09/27/17 01:00:00 PM,32.484,15.063,,,,
435,09/27/17 01:30:00 PM,32.872,15.009,,,,
436,09/27/17 02:00:00 PM,33.574,14.683,,,,
437,09/27/17 02:30:00 PM,33.001,14.585,,,,
438,09/27/17 03:00:00 PM,33.235,16.602,,,,
439,09/27/17 03:30:00 PM,31.052,19.008,,,,
440,09/27/17 04:00:00 PM,30.646,21.203,,,,
441,09/27/17 04:30:00 PM,29.865,22.345,,,,
442,09/27/17 05:00:00 PM,29.140,22.299,,,,
443,09/27/17 05:30:00 PM,27.382,23.711,,,,
444,09/27/17 06:00:00 PM,26.085,25.138,,,,
445,09/27/17 06:30:00 PM,24.750,27.840,,,,
446,09/27/17 07:00:00 PM,23.016,31.074,,,,
447,09/27/17 07:30:00 PM,21.056,34.557,,,,
448,09/27/17 08:00:00 PM,20.007,36.362,,,,
449,09/27/17 08:30:00 PM,19.389,37.997,,,,
450,09/27/17 09:00:00 PM,18.913,39.180,,,,
451,09/27/17 09:30:00 PM,18.461,40.391,,,,
452,09/27/17 10:00:00 PM,18.295,40.694,,,,
453,09/27/17 10:30:00 PM,18.390,40.673,,,,
454,09/27/17 11:00:00 PM,17.867,41.064,,,,
455,09/27/17 11:30:00 PM,17.510,40.961,,,,
456,09/28/17 12:00:00 AM,17.272,41.255,,,,
457,09/28/17 12:30:00 AM,16.892,41.755,,,,
458,09/28/17 01:00:00 AM,16.368,42.619,,,,
459,09/28/17 01:30:00 AM,15.939,43.648,,,,
460,09/28/17 02:00:00 AM,15.772,44.450,,,,
461,09/28/17 02:30:00 AM,15.557,44.234,,,,
462,09/28/17 03:00:00 AM,15.605,44.556,,,,
463,09/28/17 03:30:00 AM,15.366,44.779,,,,
464,09/28/17 04:00:00 AM,15.127,45.912,,,,
465,09/28/17 04:30:00 AM,14.936,46.733,,,,
466,09/28/17 05:00:00 AM,14.745,46.896,,,,
467,09/28/17 05:30:00 AM,14.673,47.012,,,,
468,09/28/17 06:00:00 AM,14.409,48.533,,,,
469,09/28/17 06:30:00 AM,14.697,48.198,,,,
470,09/28/17 07:00:00 AM,14.888,49.030,,,,
471,09/28/17 07:30:00 AM,16.511,44.665,,,,
472,09/28/17 08:00:00 AM,18.533,39.915,,,,
473,09/28/17 08:30:00 AM,21.079,35.021,,,,
474,09/28/17 09:00:00 AM,22.250,35.826,,,,
475,09/28/17 09:30:00 AM,25.065,30.440,,,,
476,09/28/17 10:00:00 AM,26.671,27.340,,,,
477,09/28/17 10:30:00 AM,26.867,27.731,,,,
478,09/28/17 11:00:00 AM,28.468,26.583,,,,
479,09/28/17 11:30:00 AM,29.715,23.938,,,,
480,09/28/17 12:00:00 PM,29.290,23.701,,,,
481,09/28/17 12:30:00 PM,30.167,20.472,,,,
482,09/28/17 01:00:00 PM,29.815,21.082,,,,
483,09/28/17 01:30:00 PM,29.941,22.490,,,,
484,09/28/17 02:00:00 PM,30.293,20.339,,,,
485,09/28/17 02:30:00 PM,30.142,21.383,,,,
486,09/28/17 03:00:00 PM,29.490,21.412,,,,
487,09/28/17 03:30:00 PM,28.841,21.791,,,,
488,09/28/17 04:00:00 PM,28.816,21.999,,,,
489,09/28/17 04:30:00 PM,28.147,22.513,,,,
490,09/28/17 05:00:00 PM,27.087,21.403,,,,
491,09/28/17 05:30:00 PM,25.817,25.942,,,,
492,09/28/17 06:00:00 PM,24.195,28.983,,,,
493,09/28/17 06:30:00 PM,21.939,33.115,,,,
494,09/28/17 07:00:00 PM,19.865,35.365,,,,
495,09/28/17 07:30:00 PM,18.747,37.670,,,,
496,09/28/17 08:00:00 PM,18.271,38.627,,,,
497,09/28/17 08:30:00 PM,17.368,45.306,,,,
498,09/28/17 09:00:00 PM,17.201,43.416,,,,
499,09/28/17 09:30:00 PM,16.773,44.507,,,,
500,09/28/17 10:00:00 PM,15.342,58.200,,,,
501,09/28/17 10:30:00 PM,14.242,59.823,,,,
502,09/28/17 11:00:00 PM,13.906,56.985,,,,
503,09/28/17 11:30:00 PM,13.834,57.004,,,,
504,09/29/17 12:00:00 AM,13.666,59.045,,,,
505,09/29/17 12:30:00 AM,13.064,60.790,,,,
506,09/29/17 01:00:00 AM,12.340,63.404,,,,
507,09/29/17 01:30:00 AM,12.147,65.525,,,,
508,09/29/17 02:00:00 AM,11.710,72.108,,,,
509,09/29/17 02:30:00 AM,12.195,68.847,,,,
510,09/29/17 03:00:00 AM,12.050,72.061,,,,
511,09/29/17 03:30:00 AM,12.364,69.765,,,,
512,09/29/17 04:00:00 AM,11.565,73.289,,,,
513,09/29/17 04:30:00 AM,11.321,80.342,,,,
514,09/29/17 05:00:00 AM,10.687,84.162,,,,
515,09/29/17 05:30:00 AM,10.296,84.444,,,,
516,09/29/17 06:00:00 AM,10.173,83.963,,,,
517,09/29/17 06:30:00 AM,10.345,82.450,,,,
518,09/29/17 07:00:00 AM,11.492,80.298,,,,
519,09/29/17 07:30:00 AM,12.268,81.068,,,,
520,09/29/17 08:00:00 AM,13.233,78.728,,,,
521,09/29/17 08:30:00 AM,14.457,75.867,,,,
522,09/29/17 09:00:00 AM,15.605,72.129,,,,
523,09/29/17 09:30:00 AM,16.630,71.667,,,,
524,09/29/17 10:00:00 AM,17.938,68.110,,,,
525,09/29/17 10:30:00 AM,19.270,63.220,,,,
526,09/29/17 11:00:00 AM,21.318,57.786,,,,
527,09/29/17 11:30:00 AM,22.202,53.142,,,,
528,09/29/17 12:00:00 PM,23.448,46.081,,,,
529,09/29/17 12:30:00 PM,24.508,41.869,,,,
530,09/29/17 01:00:00 PM,24.871,33.849,,,,
531,09/29/17 01:30:00 PM,25.963,33.681,,,,
532,09/29/17 02:00:00 PM,26.378,31.969,,,,
533,09/29/17 02:30:00 PM,27.136,32.980,,,,
534,09/29/17 03:00:00 PM,25.404,40.987,,,,
535,09/29/17 03:30:00 PM,23.352,46.294,,,,
536,09/29/17 04:00:00 PM,23.665,46.043,,,,
537,09/29/17 04:30:00 PM,23.665,47.422,,,,
538,09/29/17 05:00:00 PM,23.352,48.308,,,,
539,09/29/17 05:30:00 PM,23.136,49.901,,,,
540,09/29/17 06:00:00 PM,21.318,56.709,,,,
541,09/29/17 06:30:00 PM,20.055,62.119,,,,
542,09/29/17 07:00:00 PM,19.127,65.194,,,,
543,09/29/17 07:30:00 PM,18.485,68.004,,,,
544,09/29/17 08:00:00 PM,18.057,69.563,,,,
545,09/29/17 08:30:00 PM,17.653,71.142,,,,
546,09/29/17 09:00:00 PM,17.249,72.993,,,,
547,09/29/17 09:30:00 PM,16.177,74.096,,,,
548,09/29/17 10:00:00 PM,15.366,76.952,,,,
549,09/29/17 10:30:00 PM,14.505,80.685,,,,
550,09/29/17 11:00:00 PM,15.008,80.795,,,,
551,09/29/17 11:30:00 PM,14.577,83.954,,,,
552,09/30/17 12:00:00 AM,14.625,84.616,,,,
553,09/30/17 12:30:00 AM,13.353,83.566,,,,
554,09/30/17 01:00:00 AM,12.799,86.712,,,,
555,09/30/17 01:30:00 AM,12.654,87.872,,,,
556,09/30/17 02:00:00 AM,12.485,90.722,,,,
557,09/30/17 02:30:00 AM,12.606,90.621,,,,
558,09/30/17 03:00:00 AM,12.147,89.827,,,,
559,09/30/17 03:30:00 AM,12.292,92.000,,,,
560,09/30/17 04:00:00 AM,12.364,91.395,,,,
561,09/30/17 04:30:00 AM,12.243,92.583,,,,
562,09/30/17 05:00:00 AM,12.195,93.730,,,,
563,09/30/17 05:30:00 AM,12.292,93.704,,,,
564,09/30/17 06:00:00 AM,12.050,94.206,,,,
565,09/30/17 06:30:00 AM,12.147,94.205,,,,
566,09/30/17 07:00:00 AM,12.654,93.927,,,,
567,09/30/17 07:30:00 AM,13.305,91.058,,,,
568,09/30/17 08:00:00 AM,13.882,87.450,,,,
569,09/30/17 08:30:00 AM,14.888,82.334,,,,
570,09/30/17 09:00:00 AM,16.106,77.331,,,,
571,09/30/17 09:30:00 AM,18.081,69.276,,,,
572,09/30/17 10:00:00 AM,20.126,60.831,,,,
573,09/30/17 10:30:00 AM,21.604,53.682,,,,
574,09/30/17 11:00:00 AM,23.521,48.680,,,,
575,09/30/17 11:30:00 AM,25.355,43.918,,,,
576,09/30/17 12:00:00 PM,25.404,43.566,,,,
577,09/30/17 12:30:00 PM,25.550,41.723,,,,
578,09/30/17 01:00:00 PM,26.329,40.726,,,,
579,09/30/17 01:30:00 PM,27.382,37.859,,,,
580,09/30/17 02:00:00 PM,28.990,35.273,,,,
581,09/30/17 02:30:00 PM,29.590,33.877,,,,
582,09/30/17 03:00:00 PM,29.490,32.784,,,,
583,09/30/17 03:30:00 PM,28.072,34.278,,,,
584,09/30/17 04:00:00 PM,28.097,34.213,,,,
585,09/30/17 04:30:00 PM,26.646,37.020,,,,
586,09/30/17 05:00:00 PM,25.210,38.003,,,,
587,09/30/17 05:30:00 PM,23.376,39.589,,,,
588,09/30/17 06:00:00 PM,21.652,41.712,,,,
589,09/30/17 06:30:00 PM,20.365,43.338,,,,
590,09/30/17 07:00:00 PM,19.484,44.928,,,,
591,09/30/17 07:30:00 PM,18.675,46.575,,,,
592,09/30/17 08:00:00 PM,17.915,48.430,,,,
593,09/30/17 08:30:00 PM,17.368,50.013,,,,
594,09/30/17 09:00:00 PM,16.463,52.675,,,,
595,09/30/17 09:30:00 PM,15.461,56.043,,,,
596,09/30/17 10:00:00 PM,15.605,55.457,,,,
597,09/30/17 10:30:00 PM,15.557,55.450,,,,
598,09/30/17 11:00:00 PM,15.079,56.682,,,,
599,09/30/17 11:30:00 PM,14.864,57.192,,,,
600,10/01/17 12:00:00 AM,14.625,57.788,,,,
601,10/01/17 12:30:00 AM,14.553,57.626,,,,
602,10/01/17 01:00:00 AM,14.290,57.886,,,,
603,10/01/17 01:30:00 AM,13.497,60.119,,,,
604,10/01/17 02:00:00 AM,13.040,60.964,,,,
605,10/01/17 02:30:00 AM,13.233,60.195,,,,
606,10/01/17 03:00:00 AM,13.064,60.494,,,,
607,10/01/17 03:30:00 AM,12.896,60.822,,,,
608,10/01/17 04:00:00 AM,12.678,61.317,,,,
609,10/01/17 04:30:00 AM,12.074,63.242,,,,
610,10/01/17 05:00:00 AM,11.759,64.790,,,,
611,10/01/17 05:30:00 AM,11.710,64.897,,,,
612,10/01/17 06:00:00 AM,11.565,65.132,,,,
613,10/01/17 06:30:00 AM,11.419,65.830,,,,
614,10/01/17 07:00:00 AM,11.637,66.302,,,,
615,10/01/17 07:30:00 AM,12.461,61.340,,,,
616,10/01/17 08:00:00 AM,13.834,56.251,,,,
617,10/01/17 08:30:00 AM,15.270,50.814,,,,
618,10/01/17 09:00:00 AM,16.844,48.853,,,,
619,10/01/17 09:30:00 AM,18.937,42.468,,,,
620,10/01/17 10:00:00 AM,20.746,36.009,,,,
621,10/01/17 10:30:00 AM,22.082,32.529,,,,
622,10/01/17 11:00:00 AM,23.400,30.098,,,,
623,10/01/17 11:30:00 AM,23.833,27.972,,,,
624,10/01/17 12:00:00 PM,24.968,25.127,,,,
625,10/01/17 12:30:00 PM,25.574,23.210,,,,
626,10/01/17 01:00:00 PM,25.574,22.278,,,,
627,10/01/17 01:30:00 PM,27.259,19.565,,,,
628,10/01/17 02:00:00 PM,27.751,20.886,,,,
629,10/01/17 02:30:00 PM,27.776,21.237,,,,
630,10/01/17 03:00:00 PM,27.702,20.604,,,,
631,10/01/17 03:30:00 PM,27.235,21.551,,,,
632,10/01/17 04:00:00 PM,26.402,23.576,,,,
633,10/01/17 04:30:00 PM,25.210,25.624,,,,
634,10/01/17 05:00:00 PM,23.352,28.679,,,,
635,10/01/17 05:30:00 PM,21.581,32.417,,,,
636,10/01/17 06:00:00 PM,19.984,36.425,,,,
637,10/01/17 06:30:00 PM,18.461,40.552,,,,
638,10/01/17 07:00:00 PM,17.415,44.457,,,,
639,10/01/17 07:30:00 PM,16.820,46.971,,,,
640,10/01/17 08:00:00 PM,15.963,50.445,,,,
641,10/01/17 08:30:00 PM,15.127,53.619,,,,
642,10/01/17 09:00:00 PM,14.553,56.692,,,,
643,10/01/17 09:30:00 PM,13.738,59.801,,,,
644,10/01/17 10:00:00 PM,13.305,61.451,,,,
645,10/01/17 10:30:00 PM,13.305,62.395,,,,
646,10/01/17 11:00:00 PM,12.534,65.129,,,,
647,10/01/17 11:30:00 PM,14.050,50.124,,,,
648,10/02/17 12:00:00 AM,14.864,44.561,,,,
649,10/02/17 12:30:00 AM,14.625,42.924,,,,
650,10/02/17 01:00:00 AM,14.505,38.134,,,,
651,10/02/17 01:30:00 AM,15.031,35.610,,,,
652,10/02/17 02:00:00 AM,15.772,33.078,,,,
653,10/02/17 02:30:00 AM,15.986,31.656,,,,
654,10/02/17 03:00:00 AM,16.106,30.613,,,,
655,10/02/17 03:30:00 AM,15.843,30.393,,,,
656,10/02/17 04:00:00 AM,15.175,33.284,,,,
657,10/02/17 04:30:00 AM,14.936,32.479,,,,
658,10/02/17 05:00:00 AM,14.409,33.896,,,,
659,10/02/17 05:30:00 AM,14.409,34.642,,,,
660,10/02/17 06:00:00 AM,14.745,32.853,,,,
661,10/02/17 06:30:00 AM,14.266,33.330,,,,
662,10/02/17 07:00:00 AM,13.353,42.933,,,,
663,10/02/17 07:30:00 AM,13.185,44.733,,,,
664,10/02/17 08:00:00 AM,13.546,45.715,,,,
665,10/02/17 08:30:00 AM,16.106,38.302,,,,
666,10/02/17 09:00:00 AM,17.724,35.940,,,,
667,10/02/17 09:30:00 AM,19.222,31.611,,,,
668,10/02/17 10:00:00 AM,20.555,27.581,,,,
669,10/02/17 10:30:00 AM,22.585,22.839,,,,
670,10/02/17 11:00:00 AM,23.785,19.883,,,,
671,10/02/17 11:30:00 AM,24.267,17.895,,,,
672,10/02/17 12:00:00 PM,25.186,16.791,,,,
673,10/02/17 12:30:00 PM,25.671,16.430,,,,
674,10/02/17 01:00:00 PM,25.404,15.854,,,,
675,10/02/17 01:30:00 PM,26.646,14.999,,,,
676,10/02/17 02:00:00 PM,26.867,13.203,,,,
677,10/02/17 02:30:00 PM,26.916,12.601,,,,
678,10/02/17 03:00:00 PM,25.453,17.470,,,,
679,10/02/17 03:30:00 PM,24.677,15.958,,,,
680,10/02/17 04:00:00 PM,24.605,16.830,,,,
681,10/02/17 04:30:00 PM,24.267,23.707,,,,
682,10/02/17 05:00:00 PM,22.920,26.002,,,,
683,10/02/17 05:30:00 PM,21.151,29.844,,,,
684,10/02/17 06:00:00 PM,19.008,34.888,,,,
685,10/02/17 06:30:00 PM,17.796,38.609,,,,
686,10/02/17 07:00:00 PM,16.606,42.329,,,,
687,10/02/17 07:30:00 PM,15.605,46.254,,,,
688,10/02/17 08:00:00 PM,14.505,49.351,,,,
689,10/02/17 08:30:00 PM,13.738,52.107,,,,
690,10/02/17 09:00:00 PM,13.497,55.748,,,,
691,10/02/17 09:30:00 PM,13.016,57.807,,,,
692,10/02/17 10:00:00 PM,12.268,60.275,,,,
693,10/02/17 10:30:00 PM,11.710,63.004,,,,
694,10/02/17 11:00:00 PM,11.370,64.634,,,,
695,10/02/17 11:30:00 PM,11.443,65.400,,,,
696,10/03/17 12:00:00 AM,10.785,66.810,,,,
697,10/03/17 12:30:00 AM,10.541,68.994,,,,
698,10/03/17 01:00:00 AM,10.541,68.110,,,,
699,10/03/17 01:30:00 AM,10.075,69.076,,,,
700,10/03/17 02:00:00 AM,9.312,69.385,,,,
701,10/03/17 02:30:00 AM,8.618,72.143,,,,
702,10/03/17 03:00:00 AM,8.792,72.958,,,,
703,10/03/17 03:30:00 AM,9.435,72.221,,,,
704,10/03/17 04:00:00 AM,8.990,72.357,,,,
705,10/03/17 04:30:00 AM,8.195,75.462,,,,
706,10/03/17 05:00:00 AM,7.920,76.418,,,,
707,10/03/17 05:30:00 AM,7.619,79.527,,,,
708,10/03/17 06:00:00 AM,7.192,80.024,,,,
709,10/03/17 06:30:00 AM,6.914,81.031,,,,
710,10/03/17 07:00:00 AM,10.100,60.890,,,,
711,10/03/17 07:30:00 AM,14.122,41.695,,,,
712,10/03/17 08:00:00 AM,15.557,39.465,,,,
713,10/03/17 08:30:00 AM,17.558,31.069,,,,
714,10/03/17 09:00:00 AM,18.699,28.641,,,,
715,10/03/17 09:30:00 AM,20.841,24.765,,,,
716,10/03/17 10:00:00 AM,22.681,21.678,,,,
717,10/03/17 10:30:00 AM,24.098,20.456,,,,
718,10/03/17 11:00:00 AM,24.484,20.410,,,,
719,10/03/17 11:30:00 AM,24.847,19.390,,,,
720,10/03/17 12:00:00 PM,25.793,18.747,,,,
721,10/03/17 12:30:00 PM,26.378,18.010,,,,
722,10/03/17 01:00:00 PM,26.671,16.903,,,,
723,10/03/17 01:30:00 PM,26.524,17.317,,,,
724,10/03/17 02:00:00 PM,26.451,16.329,,,,
725,10/03/17 02:30:00 PM,26.573,16.581,,,,
726,10/03/17 03:00:00 PM,25.939,16.935,,,,
727,10/03/17 03:30:00 PM,25.720,16.573,,,,
728,10/03/17 04:00:00 PM,25.162,16.474,,,,
729,10/03/17 04:30:00 PM,24.388,15.944,,,,
730,10/03/17 05:00:00 PM,23.617,17.093,,,,
731,10/03/17 05:30:00 PM,22.705,18.642,,,,
732,10/03/17 06:00:00 PM,18.889,24.694,,,,
733,10/03/17 06:30:00 PM,17.272,26.858,,,,
734,10/03/17 07:00:00 PM,16.368,29.612,,,,
735,10/03/17 07:30:00 PM,15.605,33.030,,,,
736,10/03/17 08:00:00 PM,15.700,33.594,,,,
737,10/03/17 08:30:00 PM,15.103,35.552,,,,
738,10/03/17 09:00:00 PM,14.745,36.680,,,,
739,10/03/17 09:30:00 PM,13.762,38.984,,,,
740,10/03/17 10:00:00 PM,13.088,40.976,,,,
741,10/03/17 10:30:00 PM,12.944,41.403,,,,
742,10/03/17 11:00:00 PM,12.582,42.339,,,,
743,10/03/17 11:30:00 PM,12.847,41.423,,,,
744,10/04/17 12:00:00 AM,12.534,41.388,,,,
745,10/04/17 12:30:00 AM,11.662,43.955,,,,
746,10/04/17 01:00:00 AM,11.516,44.499,,,,
747,10/04/17 01:30:00 AM,11.248,45.647,,,,
748,10/04/17 02:00:00 AM,11.248,45.833,,,,
749,10/04/17 02:30:00 AM,10.956,46.044,,,,
750,10/04/17 03:00:00 AM,10.810,46.211,,,,
751,10/04/17 03:30:00 AM,10.614,47.359,,,,
752,10/04/17 04:00:00 AM,10.222,48.321,,,,
753,10/04/17 04:30:00 AM,10.051,47.531,,,,
754,10/04/17 05:00:00 AM,9.534,49.542,,,,
755,10/04/17 05:30:00 AM,9.114,50.760,,,,
756,10/04/17 06:00:00 AM,8.643,52.233,,,,
757,10/04/17 06:30:00 AM,8.965,51.948,,,,
758,10/04/17 07:00:00 AM,10.956,46.415,,,,
759,10/04/17 07:30:00 AM,12.243,45.896,,,,
760,10/04/17 08:00:00 AM,13.594,41.856,,,,
761,10/04/17 08:30:00 AM,15.891,38.151,,,,
762,10/04/17 09:00:00 AM,16.749,38.241,,,,
763,10/04/17 09:30:00 AM,18.224,35.238,,,,
764,10/04/17 10:00:00 AM,20.555,31.429,,,,
765,10/04/17 10:30:00 AM,21.795,28.756,,,,
766,10/04/17 11:00:00 AM,23.376,25.013,,,,
767,10/04/17 11:30:00 AM,24.291,24.531,,,,
768,10/04/17 12:00:00 PM,24.171,23.700,,,,
769,10/04/17 12:30:00 PM,25.453,20.919,,,,
770,10/04/17 01:00:00 PM,26.280,17.409,,,,
771,10/04/17 01:30:00 PM,26.256,17.092,,,,
772,10/04/17 02:00:00 PM,26.622,17.392,,,,
773,10/04/17 02:30:00 PM,26.769,16.134,,,,
774,10/04/17 03:00:00 PM,26.378,17.379,,,,
775,10/04/17 03:30:00 PM,25.963,18.023,,,,
776,10/04/17 04:00:00 PM,25.939,20.776,,,,
777,10/04/17 04:30:00 PM,24.363,23.576,,,,
778,10/04/17 05:00:00 PM,23.689,21.949,,,,
779,10/04/17 05:30:00 PM,22.178,21.303,,,,
780,10/04/17 06:00:00 PM,20.555,22.909,,,,
781,10/04/17 06:30:00 PM,19.436,26.116,,,,
782,10/04/17 07:00:00 PM,17.843,29.237,,,,
783,10/04/17 07:30:00 PM,15.223,34.721,,,,
784,10/04/17 08:00:00 PM,14.266,37.082,,,,
785,10/04/17 08:30:00 PM,13.930,37.914,,,,
786,10/04/17 09:00:00 PM,13.738,38.630,,,,
787,10/04/17 09:30:00 PM,13.305,39.794,,,,
788,10/04/17 10:00:00 PM,12.896,41.461,,,,
789,10/04/17 10:30:00 PM,12.389,43.980,,,,
790,10/04/17 11:00:00 PM,12.364,44.914,,,,
791,10/04/17 11:30:00 PM,12.847,42.464,,,,
792,10/05/17 12:00:00 AM,13.257,39.980,,,,
793,10/05/17 12:30:00 AM,12.195,42.797,,,,
794,10/05/17 01:00:00 AM,11.759,43.372,,,,
795,10/05/17 01:30:00 AM,12.509,39.771,,,,
796,10/05/17 02:00:00 AM,11.346,43.729,,,,
797,10/05/17 02:30:00 AM,11.467,43.181,,,,
798,10/05/17 03:00:00 AM,11.419,42.581,,,,
799,10/05/17 03:30:00 AM,10.565,45.128,,,,
800,10/05/17 04:00:00 AM,10.271,45.834,,,,
801,10/05/17 04:30:00 AM,10.810,43.728,,,,
802,10/05/17 05:00:00 AM,10.736,44.652,,,,
803,10/05/17 05:30:00 AM,10.492,44.871,,,,
804,10/05/17 06:00:00 AM,10.614,44.358,,,,
805,10/05/17 06:30:00 AM,10.638,44.640,,,,
806,10/05/17 07:00:00 AM,10.883,45.043,,,,
807,10/05/17 07:30:00 AM,12.050,44.532,,,,
808,10/05/17 08:00:00 AM,14.122,42.486,,,,
809,10/05/17 08:30:00 AM,15.390,37.777,,,,
810,10/05/17 09:00:00 AM,17.819,34.382,,,,
811,10/05/17 09:30:00 AM,20.126,30.126,,,,
812,10/05/17 10:00:00 AM,21.366,26.023,,,,
813,10/05/17 10:30:00 AM,22.944,24.778,,,,
814,10/05/17 11:00:00 AM,24.677,22.840,,,,
815,10/05/17 11:30:00 AM,24.774,22.157,,,,
816,10/05/17 12:00:00 PM,26.085,20.019,,,,
817,10/05/17 12:30:00 PM,25.793,19.654,,,,
818,10/05/17 01:00:00 PM,27.653,17.447,,,,
819,10/05/17 01:30:00 PM,27.210,16.931,,,,
820,10/05/17 02:00:00 PM,28.444,16.642,,,,
821,10/05/17 02:30:00 PM,29.290,16.012,,,,
822,10/05/17 03:00:00 PM,28.320,16.848,,,,
823,10/05/17 03:30:00 PM,27.899,16.826,,,,
824,10/05/17 04:00:00 PM,27.702,18.223,,,,
825,10/05/17 04:30:00 PM,26.280,18.355,,,,
826,10/05/17 05:00:00 PM,25.016,18.703,,,,
827,10/05/17 05:30:00 PM,24.050,19.344,,,,
828,10/05/17 06:00:00 PM,21.318,23.847,,,,
829,10/05/17 06:30:00 PM,18.461,28.421,,,,
830,10/05/17 07:00:00 PM,17.130,30.801,,,,
831,10/05/17 07:30:00 PM,17.391,29.731,,,,
832,10/05/17 08:00:00 PM,16.725,31.524,,,,
833,10/05/17 08:30:00 PM,16.010,32.642,,,,
834,10/05/17 09:00:00 PM,15.509,33.283,,,,
835,10/05/17 09:30:00 PM,14.936,34.043,,,,
836,10/05/17 10:00:00 PM,14.792,33.835,,,,
837,10/05/17 10:30:00 PM,15.986,32.312,,,,
838,10/05/17 11:00:00 PM,15.127,34.712,,,,
839,10/05/17 11:30:00 PM,14.026,36.961,,,,
840,10/06/17 12:00:00 AM,13.185,38.890,,,,
841,10/06/17 12:30:00 AM,13.449,38.535,,,,
842,10/06/17 01:00:00 AM,13.738,37.990,,,,
843,10/06/17 01:30:00 AM,13.954,37.500,,,,
844,10/06/17 02:00:00 AM,12.944,40.041,,,,
845,10/06/17 02:30:00 AM,13.185,39.145,,,,
846,10/06/17 03:00:00 AM,13.281,39.442,,,,
847,10/06/17 03:30:00 AM,12.920,40.355,,,,
848,10/06/17 04:00:00 AM,12.727,40.936,,,,
849,10/06/17 04:30:00 AM,12.534,41.356,,,,
850,10/06/17 05:00:00 AM,12.799,40.659,,,,
851,10/06/17 05:30:00 AM,13.690,38.273,,,,
852,10/06/17 06:00:00 AM,12.582,40.730,,,,
853,10/06/17 06:30:00 AM,12.582,39.588,,,,
854,10/06/17 07:00:00 AM,13.209,40.546,,,,
855,10/06/17 07:30:00 AM,14.337,39.588,,,,
856,10/06/17 08:00:00 AM,16.654,32.438,,,,
857,10/06/17 08:30:00 AM,18.747,31.172,,,,
858,10/06/17 09:00:00 AM,20.150,28.255,,,,
859,10/06/17 09:30:00 AM,22.513,23.450,,,,
860,10/06/17 10:00:00 AM,24.315,20.884,,,,
861,10/06/17 10:30:00 AM,25.987,20.292,,,,
862,10/06/17 11:00:00 AM,28.072,18.138,,,,
863,10/06/17 11:30:00 AM,29.140,17.879,,,,
864,10/06/17 12:00:00 PM,30.697,16.118,,,,
865,10/06/17 12:30:00 PM,31.459,14.585,,,,
866,10/06/17 01:00:00 PM,31.996,13.499,,,,
867,10/06/17 01:30:00 PM,31.331,14.078,,,,
868,10/06/17 02:00:00 PM,31.255,13.430,,,,
869,10/06/17 02:30:00 PM,31.204,13.643,,,,
870,10/06/17 03:00:00 PM,31.842,12.809,,,,
871,10/06/17 03:30:00 PM,29.240,15.158,,,,
872,10/06/17 04:00:00 PM,29.365,15.342,,,,
873,10/06/17 04:30:00 PM,29.140,16.607,,,,
874,10/06/17 05:00:00 PM,28.518,16.929,,,,
875,10/06/17 05:30:00 PM,27.210,18.196,,,,
876,10/06/17 06:00:00 PM,23.617,22.495,,,,
877,10/06/17 06:30:00 PM,20.674,27.321,,,,
878,10/06/17 07:00:00 PM,20.031,26.127,,,,
879,10/06/17 07:30:00 PM,19.651,26.772,,,,
880,10/06/17 08:00:00 PM,19.270,27.549,,,,
881,10/06/17 08:30:00 PM,18.747,28.578,,,,
882,10/06/17 09:00:00 PM,18.081,29.788,,,,
883,10/06/17 09:30:00 PM,17.962,29.911,,,,
884,10/06/17 10:00:00 PM,17.724,30.355,,,,
885,10/06/17 10:30:00 PM,17.130,31.625,,,,
886,10/06/17 11:00:00 PM,16.463,32.552,,,,
887,10/06/17 11:30:00 PM,16.249,33.874,,,,
888,10/07/17 12:00:00 AM,15.724,35.094,,,,
889,10/07/17 12:30:00 AM,15.748,34.836,,,,
890,10/07/17 01:00:00 AM,15.509,35.592,,,,
891,10/07/17 01:30:00 AM,14.505,38.006,,,,
892,10/07/17 02:00:00 AM,15.366,35.416,,,,
893,10/07/17 02:30:00 AM,15.223,36.599,,,,
894,10/07/17 03:00:00 AM,14.146,39.121,,,,
895,10/07/17 03:30:00 AM,13.786,39.592,,,,
896,10/07/17 04:00:00 AM,13.594,39.762,,,,
897,10/07/17 04:30:00 AM,13.305,41.254,,,,
898,10/07/17 05:00:00 AM,13.329,40.528,,,,
899,10/07/17 05:30:00 AM,13.137,41.203,,,,
900,10/07/17 06:00:00 AM,14.026,38.724,,,,
901,10/07/17 06:30:00 AM,14.098,39.499,,,,
902,10/07/17 07:00:00 AM,13.546,42.356,,,,
903,10/07/17 07:30:00 AM,14.361,41.119,,,,
904,10/07/17 08:00:00 AM,15.891,38.022,,,,
905,10/07/17 08:30:00 AM,18.224,33.698,,,,
906,10/07/17 09:00:00 AM,19.436,33.218,,,,
907,10/07/17 09:30:00 AM,21.103,29.338,,,,
908,10/07/17 10:00:00 AM,22.753,27.955,,,,
909,10/07/17 10:30:00 AM,25.550,24.276,,,,
910,10/07/17 11:00:00 AM,27.899,19.287,,,,
911,10/07/17 11:30:00 AM,28.916,19.486,,,,
912,10/07/17 12:00:00 PM,29.565,18.678,,,,
913,10/07/17 12:30:00 PM,29.690,20.022,,,,
914,10/07/17 01:00:00 PM,31.204,18.770,,,,
915,10/07/17 01:30:00 PM,29.991,20.181,,,,
916,10/07/17 02:00:00 PM,30.950,20.449,,,,
917,10/07/17 02:30:00 PM,31.484,20.973,,,,
918,10/07/17 03:00:00 PM,30.621,21.763,,,,
919,10/07/17 03:30:00 PM,30.925,20.517,,,,
920,10/07/17 04:00:00 PM,30.192,17.015,,,,
921,10/07/17 04:30:00 PM,28.941,18.503,,,,
922,10/07/17 05:00:00 PM,27.653,21.821,,,,
923,10/07/17 05:30:00 PM,25.744,26.962,,,,
924,10/07/17 06:00:00 PM,23.521,33.058,,,,
925,10/07/17 06:30:00 PM,22.130,37.952,,,,
926,10/07/17 07:00:00 PM,20.960,42.119,,,,
927,10/07/17 07:30:00 PM,19.912,45.776,,,,
928,10/07/17 08:00:00 PM,19.008,49.388,,,,
929,10/07/17 08:30:00 PM,18.319,52.659,,,,
930,10/07/17 09:00:00 PM,17.582,55.904,,,,
931,10/07/17 09:30:00 PM,16.773,59.569,,,,
932,10/07/17 10:00:00 PM,15.843,62.466,,,,
933,10/07/17 10:30:00 PM,15.342,65.741,,,,
934,10/07/17 11:00:00 PM,14.840,67.518,,,,
935,10/07/17 11:30:00 PM,14.385,68.997,,,,
936,10/08/17 12:00:00 AM,14.122,69.351,,,,
937,10/08/17 12:30:00 AM,13.762,69.542,,,,
938,10/08/17 01:00:00 AM,13.425,69.536,,,,
939,10/08/17 01:30:00 AM,13.112,69.305,,,,
940,10/08/17 02:00:00 AM,12.751,69.895,,,,
941,10/08/17 02:30:00 AM,12.389,69.684,,,,
942,10/08/17 03:00:00 AM,11.856,69.555,,,,
943,10/08/17 03:30:00 AM,11.394,71.284,,,,
944,10/08/17 04:00:00 AM,11.224,70.826,,,,
945,10/08/17 04:30:00 AM,11.151,70.586,,,,
946,10/08/17 05:00:00 AM,11.053,70.369,,,,
947,10/08/17 05:30:00 AM,10.785,70.770,,,,
948,10/08/17 06:00:00 AM,10.663,70.859,,,,
949,10/08/17 06:30:00 AM,10.638,70.798,,,,
950,10/08/17 07:00:00 AM,10.883,70.251,,,,
951,10/08/17 07:30:00 AM,11.613,67.765,,,,
952,10/08/17 08:00:00 AM,12.630,63.951,,,,
953,10/08/17 08:30:00 AM,14.074,59.259,,,,
954,10/08/17 09:00:00 AM,15.819,53.995,,,,
955,10/08/17 09:30:00 AM,18.913,44.669,,,,
956,10/08/17 10:00:00 AM,22.321,33.149,,,,
957,10/08/17 10:30:00 AM,22.657,34.873,,,,
958,10/08/17 11:00:00 AM,24.847,29.678,,,,
959,10/08/17 11:30:00 AM,26.842,20.692,,,,
960,10/08/17 12:00:00 PM,28.742,14.602,,,,
961,10/08/17 12:30:00 PM,29.115,8.526,,,,
962,10/08/17 01:00:00 PM,29.790,7.970,,,,
963,10/08/17 01:30:00 PM,30.596,6.177,,,,
964,10/08/17 02:00:00 PM,29.840,6.447,,,,
965,10/08/17 02:30:00 PM,29.389,7.233,,,,
966,10/08/17 03:00:00 PM,27.998,7.913,,,,
967,10/08/17 03:30:00 PM,27.653,7.902,,,,
968,10/08/17 04:00:00 PM,26.549,10.733,,,,
969,10/08/17 04:30:00 PM,25.283,12.744,,,,
970,10/08/17 05:00:00 PM,24.026,14.768,,,,
971,10/08/17 05:30:00 PM,22.465,16.336,,,,
972,10/08/17 06:00:00 PM,21.223,16.966,,,,
973,10/08/17 06:30:00 PM,20.746,17.426,,,,
974,10/08/17 07:00:00 PM,20.603,18.247,,,,
975,10/08/17 07:30:00 PM,20.698,18.253,,,,
976,10/08/17 08:00:00 PM,20.627,17.350,,,,
977,10/08/17 08:30:00 PM,20.341,17.127,,,,
978,10/08/17 09:00:00 PM,20.412,15.744,,,,
979,10/08/17 09:30:00 PM,20.126,15.522,,,,
980,10/08/17 10:00:00 PM,20.055,15.379,,,,
981,10/08/17 10:30:00 PM,19.984,15.167,,,,
982,10/08/17 11:00:00 PM,19.960,14.471,,,,
983,10/08/17 11:30:00 PM,19.722,14.738,,,,
984,10/09/17 12:00:00 AM,19.460,14.864,,,,
985,10/09/17 12:30:00 AM,19.270,15.063,,,,
986,10/09/17 01:00:00 AM,19.246,15.131,,,,
987,10/09/17 01:30:00 AM,18.842,15.319,,,,
988,10/09/17 02:00:00 AM,18.580,15.895,,,,
989,10/09/17 02:30:00 AM,18.247,16.395,,,,
990,10/09/17 03:00:00 AM,17.986,16.347,,,,
991,10/09/17 03:30:00 AM,17.891,16.618,,,,
992,10/09/17 04:00:00 AM,17.653,17.190,,,,
993,10/09/17 04:30:00 AM,17.320,17.790,,,,
994,10/09/17 05:00:00 AM,16.963,18.318,,,,
995,10/09/17 05:30:00 AM,16.058,19.221,,,,
996,10/09/17 06:00:00 AM,16.177,19.636,,,,
997,10/09/17 06:30:00 AM,15.151,21.200,,,,
998,10/09/17 07:00:00 AM,14.816,21.718,,,,
999,10/09/17 07:30:00 AM,15.366,22.899,,,,
1000,10/09/17 08:00:00 AM,15.915,24.817,,,,
1001,10/09/17 08:30:00 AM,17.249,25.853,,,,
1002,10/09/17 09:00:00 AM,19.413,21.266,,,,
1003,10/09/17 09:30:00 AM,21.557,16.080,,,,
1004,10/09/17 10:00:00 AM,23.040,13.423,,,,
1005,10/09/17 10:30:00 AM,23.136,14.971,,,,
1006,10/09/17 11:00:00 AM,22.800,15.165,,,,
1007,10/09/17 11:30:00 AM,21.963,16.588,,,,
1008,10/09/17 12:00:00 PM,21.748,18.034,,,,
1009,10/09/17 12:30:00 PM,22.298,18.273,,,,
1010,10/09/17 01:00:00 PM,22.034,18.743,,,,
1011,10/09/17 01:30:00 PM,21.748,19.486,,,,
1012,10/09/17 02:00:00 PM,22.441,18.177,,,,
1013,10/09/17 02:30:00 PM,22.537,18.078,,,,
1014,10/09/17 03:00:00 PM,22.513,19.531,,,,
1015,10/09/17 03:30:00 PM,21.843,20.044,,,,
1016,10/09/17 04:00:00 PM,20.412,24.938,,,,
1017,10/09/17 04:30:00 PM,18.747,27.508,,,,
1018,10/09/17 05:00:00 PM,17.415,28.936,,,,
1019,10/09/17 05:30:00 PM,17.677,27.825,,,,
1020,10/09/17 06:00:00 PM,16.368,29.248,,,,
1021,10/09/17 06:30:00 PM,15.652,30.838,,,,
1022,10/09/17 07:00:00 PM,15.079,30.689,,,,
1023,10/09/17 07:30:00 PM,15.031,31.309,,,,
1024,10/09/17 08:00:00 PM,15.461,30.821,,,,
1025,10/09/17 08:30:00 PM,14.936,31.956,,,,
1026,10/09/17 09:00:00 PM,15.867,30.725,,,,
1027,10/09/17 09:30:00 PM,16.392,29.051,,,,
1028,10/09/17 10:00:00 PM,16.654,27.777,,,,
1029,10/09/17 10:30:00 PM,15.533,31.353,,,,
1030,10/09/17 11:00:00 PM,15.509,33.250,,,,
1031,10/09/17 11:30:00 PM,16.129,36.237,,,,
1032,10/10/17 12:00:00 AM,16.320,34.826,,,,
1033,10/10/17 12:30:00 AM,16.415,35.746,,,,
1034,10/10/17 01:00:00 AM,16.749,39.079,,,,
1035,10/10/17 01:30:00 AM,16.415,40.231,,,,
1036,10/10/17 02:00:00 AM,16.511,39.439,,,,
1037,10/10/17 02:30:00 AM,16.725,40.489,,,,
1038,10/10/17 03:00:00 AM,15.796,42.775,,,,
1039,10/10/17 03:30:00 AM,16.415,41.861,,,,
1040,10/10/17 04:00:00 AM,16.415,41.542,,,,
1041,10/10/17 04:30:00 AM,15.342,43.134,,,,
1042,10/10/17 05:00:00 AM,15.748,42.992,,,,
1043,10/10/17 05:30:00 AM,15.103,42.505,,,,
1044,10/10/17 06:00:00 AM,13.329,47.276,,,,
1045,10/10/17 06:30:00 AM,13.666,45.949,,,,
1046,10/10/17 07:00:00 AM,14.218,45.862,,,,
1047,10/10/17 07:30:00 AM,14.290,44.837,,,,
1048,10/10/17 08:00:00 AM,14.745,45.332,,,,
1049,10/10/17 08:30:00 AM,15.724,40.634,,,,
1050,10/10/17 09:00:00 AM,15.223,42.867,,,,
1051,10/10/17 09:30:00 AM,16.796,39.598,,,,
1052,10/10/17 10:00:00 AM,18.461,36.893,,,,
1053,10/10/17 10:30:00 AM,18.200,38.490,,,,
1054,10/10/17 11:00:00 AM,19.270,35.012,,,,
1055,10/10/17 11:30:00 AM,20.603,32.596,,,,
1056,10/10/17 12:00:00 PM,21.437,31.672,,,,
1057,10/10/17 12:30:00 PM,83.472,2.495,,,,
1058,10/10/17 01:00:00 PM,36.389,10.305,,,,
1059,10/10/17 01:30:00 PM,29.515,15.207,,,,
1060,10/10/17 02:00:00 PM,28.072,16.976,,,,
1061,10/10/17 02:30:00 PM,26.524,16.755,,,,
1062,10/10/17 03:00:00 PM,25.501,18.382,,,,
1063,10/10/17 03:30:00 PM,24.726,19.383,,,,
1064,10/10/17 04:00:00 PM,24.050,19.968,,,,
1065,10/10/17 04:30:00 PM,24.243,23.911,,,,
1066,10/10/17 05:00:00 PM,23.040,26.147,,,,
1067,10/10/17 05:30:00 PM,22.130,27.873,,,,
1068,10/10/17 06:00:00 PM,21.413,28.860,,,,
1069,10/10/17 06:30:00 PM,20.817,28.274,,,,
1070,10/10/17 07:00:00 PM,20.150,30.195,,,,
1071,10/10/17 07:30:00 PM,19.770,32.521,,,,
1072,10/10/17 08:00:00 PM,18.913,34.354,,,,
1073,10/10/17 08:30:00 PM,18.271,36.223,,,,
1074,10/10/17 09:00:00 PM,17.796,36.989,,,,
1075,10/10/17 09:30:00 PM,17.082,40.336,,,,
1076,10/10/17 10:00:00 PM,16.320,42.041,,,,
1077,10/10/17 10:30:00 PM,15.963,44.030,,,,
1078,10/10/17 11:00:00 PM,15.414,46.073,,,,
1079,10/10/17 11:30:00 PM,14.673,50.702,,,,
1080,10/11/17 12:00:00 AM,14.361,51.090,,,,
1081,10/11/17 12:30:00 AM,14.146,52.195,,,,
1082,10/11/17 01:00:00 AM,14.050,49.260,,,,
1083,10/11/17 01:30:00 AM,14.026,46.337,,,,
1084,10/11/17 02:00:00 AM,13.209,49.148,,,,
1085,10/11/17 02:30:00 AM,12.461,52.232,,,,
1086,10/11/17 03:00:00 AM,11.856,55.861,,,,
1087,10/11/17 03:30:00 AM,11.516,57.781,,,,
1088,10/11/17 04:00:00 AM,11.492,57.658,,,,
1089,10/11/17 04:30:00 AM,11.175,57.995,,,,
1090,10/11/17 05:00:00 AM,10.883,59.548,,,,
1091,10/11/17 05:30:00 AM,10.271,61.884,,,,
1092,10/11/17 06:00:00 AM,9.829,62.799,,,,
1093,10/11/17 06:30:00 AM,9.854,61.551,,,,
1094,10/11/17 07:00:00 AM,9.829,61.401,,,,
1095,10/11/17 07:30:00 AM,10.296,59.748,,,,
1096,10/11/17 08:00:00 AM,11.127,55.001,,,,
1097,10/11/17 08:30:00 AM,11.977,50.149,,,,
1098,10/11/17 09:00:00 AM,13.353,44.158,,,,
1099,10/11/17 09:30:00 AM,15.509,34.163,,,,
1100,10/11/17 10:00:00 AM,17.391,27.235,,,,
1101,10/11/17 10:30:00 AM,18.390,24.692,,,,
1102,10/11/17 11:00:00 AM,19.389,22.083,,,,
1103,10/11/17 11:30:00 AM,20.222,21.727,,,,
1104,10/11/17 12:00:00 PM,20.579,20.860,,,,
1105,10/11/17 12:30:00 PM,20.412,20.713,,,,
1106,10/11/17 01:00:00 PM,21.795,18.383,,,,
1107,10/11/17 01:30:00 PM,21.891,17.106,,,,
1108,10/11/17 02:00:00 PM,22.321,15.212,,,,
1109,10/11/17 02:30:00 PM,22.274,14.580,,,,
1110,10/11/17 03:00:00 PM,22.202,16.809,,,,
1111,10/11/17 03:30:00 PM,21.963,18.600,,,,
1112,10/11/17 04:00:00 PM,21.413,21.461,,,,
1113,10/11/17 04:30:00 PM,20.412,28.511,,,,
1114,10/11/17 05:00:00 PM,19.341,31.820,,,,
1115,10/11/17 05:30:00 PM,17.796,36.468,,,,
1116,10/11/17 06:00:00 PM,16.844,38.186,,,,
1117,10/11/17 06:30:00 PM,15.963,39.893,,,,
1118,10/11/17 07:00:00 PM,15.223,41.725,,,,
1119,10/11/17 07:30:00 PM,14.266,43.891,,,,
1120,10/11/17 08:00:00 PM,13.497,46.021,,,,
1121,10/11/17 08:30:00 PM,12.558,48.537,,,,
1122,10/11/17 09:00:00 PM,11.856,50.500,,,,
1123,10/11/17 09:30:00 PM,11.565,51.344,,,,
1124,10/11/17 10:00:00 PM,11.248,52.394,,,,
1125,10/11/17 10:30:00 PM,11.005,52.964,,,,
1126,10/11/17 11:00:00 PM,10.394,54.831,,,,
1127,10/11/17 11:30:00 PM,9.854,57.046,,,,
1128,10/12/17 12:00:00 AM,9.657,58.052,,,,
1129,10/12/17 12:30:00 AM,9.657,58.377,,,,
1130,10/12/17 01:00:00 AM,9.287,60.082,,,,
1131,10/12/17 01:30:00 AM,9.163,60.764,,,,
1132,10/12/17 02:00:00 AM,8.817,61.988,,,,
1133,10/12/17 02:30:00 AM,8.668,63.353,,,,
1134,10/12/17 03:00:00 AM,8.319,64.588,,,,
1135,10/12/17 03:30:00 AM,7.895,66.341,,,,
1136,10/12/17 04:00:00 AM,7.945,66.151,,,,
1137,10/12/17 04:30:00 AM,7.619,67.087,,,,
1138,10/12/17 05:00:00 AM,7.469,67.342,,,,
1139,10/12/17 05:30:00 AM,6.965,67.955,,,,
1140,10/12/17 06:00:00 AM,6.839,69.309,,,,
1141,10/12/17 06:30:00 AM,6.763,69.070,,,,
1142,10/12/17 07:00:00 AM,6.839,69.028,,,,
1143,10/12/17 07:30:00 AM,7.619,65.436,,,,
1144,10/12/17 08:00:00 AM,8.444,61.285,,,,
1145,10/12/17 08:30:00 AM,9.854,54.481,,,,
1146,10/12/17 09:00:00 AM,11.127,49.513,,,,
1147,10/12/17 09:30:00 AM,13.088,42.870,,,,
1148,10/12/17 10:00:00 AM,15.461,35.879,,,,
1149,10/12/17 10:30:00 AM,17.320,31.642,,,,
1150,10/12/17 11:00:00 AM,18.842,26.610,,,,
1151,10/12/17 11:30:00 AM,20.507,22.360,,,,
1152,10/12/17 12:00:00 PM,21.032,19.582,,,,
1153,10/12/17 12:30:00 PM,22.250,16.951,,,,
1154,10/12/17 01:00:00 PM,23.088,15.214,,,,
1155,10/12/17 01:30:00 PM,23.472,11.466,,,,
1156,10/12/17 02:00:00 PM,24.339,10.364,,,,
1157,10/12/17 02:30:00 PM,23.737,11.051,,,,
1158,10/12/17 03:00:00 PM,23.713,11.546,,,,
1159,10/12/17 03:30:00 PM,23.256,13.221,,,,
1160,10/12/17 04:00:00 PM,22.753,15.023,,,,
1161,10/12/17 04:30:00 PM,21.557,19.751,,,,
1162,10/12/17 05:00:00 PM,20.341,23.609,,,,
1163,10/12/17 05:30:00 PM,18.889,26.982,,,,
1164,10/12/17 06:00:00 PM,18.152,30.458,,,,
1165,10/12/17 06:30:00 PM,17.082,33.952,,,,
1166,10/12/17 07:00:00 PM,16.225,36.441,,,,
1167,10/12/17 07:30:00 PM,15.079,39.029,,,,
1168,10/12/17 08:00:00 PM,13.810,44.402,,,,
1169,10/12/17 08:30:00 PM,13.642,45.759,,,,
1170,10/12/17 09:00:00 PM,13.112,47.868,,,,
1171,10/12/17 09:30:00 PM,12.340,50.933,,,,
1172,10/12/17 10:00:00 PM,11.686,55.385,,,,
1173,10/12/17 10:30:00 PM,11.637,57.413,,,,
1174,10/12/17 11:00:00 PM,11.565,59.155,,,,
1175,10/12/17 11:30:00 PM,11.297,60.559,,,,
1176,10/13/17 12:00:00 AM,10.932,62.930,,,,
1177,10/13/17 12:30:00 AM,10.858,63.703,,,,
1178,10/13/17 01:00:00 AM,10.541,64.257,,,,
1179,10/13/17 01:30:00 AM,10.222,66.019,,,,
1180,10/13/17 02:00:00 AM,10.296,66.204,,,,
1181,10/13/17 02:30:00 AM,10.198,67.161,,,,
1182,10/13/17 03:00:00 AM,9.879,68.983,,,,
1183,10/13/17 03:30:00 AM,9.608,69.950,,,,
1184,10/13/17 04:00:00 AM,9.312,70.908,,,,
1185,10/13/17 04:30:00 AM,9.015,72.362,,,,
1186,10/13/17 05:00:00 AM,8.841,73.329,,,,
1187,10/13/17 05:30:00 AM,8.394,72.989,,,,
1188,10/13/17 06:00:00 AM,7.343,75.367,,,,
1189,10/13/17 06:30:00 AM,6.864,76.984,,,,
1190,10/13/17 07:00:00 AM,6.914,77.510,,,,
1191,10/13/17 07:30:00 AM,8.668,73.599,,,,
1192,10/13/17 08:00:00 AM,9.805,68.429,,,,
1193,10/13/17 08:30:00 AM,10.932,62.959,,,,
1194,10/13/17 09:00:00 AM,12.340,55.964,,,,
1195,10/13/17 09:30:00 AM,14.218,48.043,,,,
1196,10/13/17 10:00:00 AM,16.368,39.231,,,,
1197,10/13/17 10:30:00 AM,17.724,37.954,,,,
1198,10/13/17 11:00:00 AM,20.246,31.900,,,,
1199,10/13/17 11:30:00 AM,21.509,28.834,,,,
1200,10/13/17 12:00:00 PM,22.489,25.393,,,,
1201,10/13/17 12:30:00 PM,23.232,22.401,,,,
1202,10/13/17 01:00:00 PM,23.809,22.026,,,,
1203,10/13/17 01:30:00 PM,25.065,18.776,,,,
1204,10/13/17 02:00:00 PM,24.171,19.073,,,,
1205,10/13/17 02:30:00 PM,24.847,18.903,,,,
1206,10/13/17 03:00:00 PM,24.823,20.430,,,,
1207,10/13/17 03:30:00 PM,24.171,21.428,,,,
1208,10/13/17 04:00:00 PM,23.424,24.539,,,,
1209,10/13/17 04:30:00 PM,21.366,27.712,,,,
1210,10/13/17 05:00:00 PM,20.698,28.131,,,,
1211,10/13/17 05:30:00 PM,19.508,31.238,,,,
1212,10/13/17 06:00:00 PM,16.868,36.668,,,,
1213,10/13/17 06:30:00 PM,15.796,38.656,,,,
1214,10/13/17 07:00:00 PM,15.127,40.058,,,,
1215,10/13/17 07:30:00 PM,15.414,40.855,,,,
1216,10/13/17 08:00:00 PM,14.721,44.512,,,,
1217,10/13/17 08:30:00 PM,14.409,48.285,,,,
1218,10/13/17 09:00:00 PM,13.882,51.361,,,,
1219,10/13/17 09:30:00 PM,13.329,53.451,,,,
1220,10/13/17 10:00:00 PM,13.040,55.679,,,,
1221,10/13/17 10:30:00 PM,12.340,57.881,,,,
1222,10/13/17 11:00:00 PM,11.248,60.786,,,,
1223,10/13/17 11:30:00 PM,10.785,62.146,,,,
1224,10/14/17 12:00:00 AM,11.224,59.987,,,,
1225,10/14/17 12:30:00 AM,13.642,44.695,,,,
1226,10/14/17 01:00:00 AM,15.963,35.377,,,,
1227,10/14/17 01:30:00 AM,16.225,33.545,,,,
1228,10/14/17 02:00:00 AM,16.392,32.217,,,,
1229,10/14/17 02:30:00 AM,16.225,31.874,,,,
1230,10/14/17 03:00:00 AM,15.915,32.043,,,,
1231,10/14/17 03:30:00 AM,15.509,31.712,,,,
1232,10/14/17 04:00:00 AM,14.960,31.892,,,,
1233,10/14/17 04:30:00 AM,14.122,32.535,,,,
1234,10/14/17 05:00:00 AM,12.871,36.843,,,,
1235,10/14/17 05:30:00 AM,11.856,37.857,,,,
1236,10/14/17 06:00:00 AM,11.637,36.653,,,,
1237,10/14/17 06:30:00 AM,14.457,29.024,,,,
1238,10/14/17 07:00:00 AM,15.461,25.219,,,,
1239,10/14/17 07:30:00 AM,16.129,26.571,,,,
1240,10/14/17 08:00:00 AM,14.266,42.060,,,,
1241,10/14/17 08:30:00 AM,18.319,19.627,,,,
1242,10/14/17 09:00:00 AM,16.820,36.274,,,,
1243,10/14/17 09:30:00 AM,18.390,31.571,,,,
1244,10/14/17 10:00:00 AM,20.698,25.636,,,,
1245,10/14/17 10:30:00 AM,22.705,22.504,,,,
1246,10/14/17 11:00:00 AM,24.532,17.630,,,,
1247,10/14/17 11:30:00 AM,26.207,12.429,,,,
1248,10/14/17 12:00:00 PM,26.329,12.718,,,,
1249,10/14/17 12:30:00 PM,26.256,11.435,,,,
1250,10/14/17 01:00:00 PM,26.989,12.604,,,,
1251,10/14/17 01:30:00 PM,26.378,14.279,,,,
1252,10/14/17 02:00:00 PM,27.235,13.183,,,,
1253,10/14/17 02:30:00 PM,28.171,12.654,,,,
1254,10/14/17 03:00:00 PM,27.554,12.841,,,,
1255,10/14/17 03:30:00 PM,27.505,13.550,,,,
1256,10/14/17 04:00:00 PM,27.407,8.326,,,,
1257,10/14/17 04:30:00 PM,26.818,10.672,,,,
1258,10/14/17 05:00:00 PM,24.871,16.669,,,,
1259,10/14/17 05:30:00 PM,21.676,17.857,,,,
1260,10/14/17 06:00:00 PM,18.461,23.108,,,,
1261,10/14/17 06:30:00 PM,17.391,23.576,,,,
1262,10/14/17 07:00:00 PM,16.463,23.445,,,,
1263,10/14/17 07:30:00 PM,15.700,25.737,,,,
1264,10/14/17 08:00:00 PM,14.888,27.770,,,,
1265,10/14/17 08:30:00 PM,16.987,27.370,,,,
1266,10/14/17 09:00:00 PM,15.891,29.076,,,,
1267,10/14/17 09:30:00 PM,15.247,30.802,,,,
1268,10/14/17 10:00:00 PM,14.361,32.329,,,,
1269,10/14/17 10:30:00 PM,14.218,32.968,,,,
1270,10/14/17 11:00:00 PM,13.978,33.368,,,,
1271,10/14/17 11:30:00 PM,13.449,35.132,,,,
1272,10/15/17 12:00:00 AM,13.016,36.023,,,,
1273,10/15/17 12:30:00 AM,12.413,37.724,,,,
1274,10/15/17 01:00:00 AM,12.413,38.489,,,,
1275,10/15/17 01:30:00 AM,12.485,37.028,,,,
1276,10/15/17 02:00:00 AM,12.678,37.751,,,,
1277,10/15/17 02:30:00 AM,12.243,40.059,,,,
1278,10/15/17 03:00:00 AM,12.534,39.043,,,,
1279,10/15/17 03:30:00 AM,12.074,37.529,,,,
1280,10/15/17 04:00:00 AM,11.953,37.675,,,,
1281,10/15/17 04:30:00 AM,12.437,33.936,,,,
1282,10/15/17 05:00:00 AM,12.654,29.924,,,,
1283,10/15/17 05:30:00 AM,14.074,25.816,,,,
1284,10/15/17 06:00:00 AM,13.618,29.875,,,,
1285,10/15/17 06:30:00 AM,12.920,29.881,,,,
1286,10/15/17 07:00:00 AM,12.001,34.153,,,,
1287,10/15/17 07:30:00 AM,13.137,32.380,,,,
1288,10/15/17 08:00:00 AM,16.654,23.996,,,,
1289,10/15/17 08:30:00 AM,16.558,28.534,,,,
1290,10/15/17 09:00:00 AM,18.652,24.204,,,,
1291,10/15/17 09:30:00 AM,19.841,22.248,,,,
1292,10/15/17 10:00:00 AM,21.390,21.048,,,,
1293,10/15/17 10:30:00 AM,23.713,17.377,,,,
1294,10/15/17 11:00:00 AM,26.989,12.390,,,,
1295,10/15/17 11:30:00 AM,27.677,11.920,,,,
1296,10/15/17 12:00:00 PM,27.407,11.837,,,,
1297,10/15/17 12:30:00 PM,27.505,11.841,,,,
1298,10/15/17 01:00:00 PM,28.543,11.597,,,,
1299,10/15/17 01:30:00 PM,28.468,10.950,,,,
1300,10/15/17 02:00:00 PM,28.717,11.318,,,,
1301,10/15/17 02:30:00 PM,29.515,11.062,,,,
1302,10/15/17 03:00:00 PM,29.540,11.637,,,,
1303,10/15/17 03:30:00 PM,29.015,16.318,,,,
1304,10/15/17 04:00:00 PM,28.518,16.752,,,,
1305,10/15/17 04:30:00 PM,27.751,15.901,,,,
1306,10/15/17 05:00:00 PM,26.402,18.082,,,,
1307,10/15/17 05:30:00 PM,23.112,22.325,,,,
1308,10/15/17 06:00:00 PM,20.317,24.931,,,,
1309,10/15/17 06:30:00 PM,19.484,26.153,,,,
1310,10/15/17 07:00:00 PM,18.866,27.718,,,,
1311,10/15/17 07:30:00 PM,18.937,27.690,,,,
1312,10/15/17 08:00:00 PM,18.152,29.595,,,,
1313,10/15/17 08:30:00 PM,16.868,31.931,,,,
1314,10/15/17 09:00:00 PM,16.677,31.322,,,,
1315,10/15/17 09:30:00 PM,16.106,32.454,,,,
1316,10/15/17 10:00:00 PM,15.819,34.322,,,,
1317,10/15/17 10:30:00 PM,15.533,34.490,,,,
1318,10/15/17 11:00:00 PM,15.318,35.573,,,,
1319,10/15/17 11:30:00 PM,14.936,36.699,,,,
1320,10/16/17 12:00:00 AM,14.984,35.605,,,,
1321,10/16/17 12:30:00 AM,14.960,34.046,,,,
1322,10/16/17 01:00:00 AM,14.768,34.482,,,,
1323,10/16/17 01:30:00 AM,14.888,35.466,,,,
1324,10/16/17 02:00:00 AM,14.984,36.123,,,,
1325,10/16/17 02:30:00 AM,14.601,37.599,,,,
1326,10/16/17 03:00:00 AM,14.553,37.497,,,,
1327,10/16/17 03:30:00 AM,14.649,34.406,,,,
1328,10/16/17 04:00:00 AM,14.194,34.816,,,,
1329,10/16/17 04:30:00 AM,14.314,33.822,,,,
1330,10/16/17 05:00:00 AM,14.337,31.902,,,,
1331,10/16/17 05:30:00 AM,15.247,29.419,,,,
1332,10/16/17 06:00:00 AM,14.481,29.882,,,,
1333,10/16/17 06:30:00 AM,14.290,30.457,,,,
1334,10/16/17 07:00:00 AM,13.642,32.817,,,,
1335,10/16/17 07:30:00 AM,14.050,33.115,,,,
1336,10/16/17 08:00:00 AM,16.963,28.833,,,,
1337,10/16/17 08:30:00 AM,18.913,26.447,,,,
1338,10/16/17 09:00:00 AM,19.722,27.449,,,,
1339,10/16/17 09:30:00 AM,21.175,25.196,,,,
1340,10/16/17 10:00:00 AM,22.848,22.925,,,,
1341,10/16/17 10:30:00 AM,25.016,20.650,,,,
1342,10/16/17 11:00:00 AM,26.916,18.075,,,,
1343,10/16/17 11:30:00 AM,28.493,15.902,,,,
1344,10/16/17 12:00:00 PM,29.439,15.203,,,,
1345,10/16/17 12:30:00 PM,30.041,14.377,,,,
1346,10/16/17 01:00:00 PM,30.773,12.549,,,,
1347,10/16/17 01:30:00 PM,30.041,15.090,,,,
1348,10/16/17 02:00:00 PM,30.293,14.888,,,,
1349,10/16/17 02:30:00 PM,30.824,12.766,,,,
1350,10/16/17 03:00:00 PM,30.748,12.476,,,,
1351,10/16/17 03:30:00 PM,30.016,13.590,,,,
1352,10/16/17 04:00:00 PM,29.190,14.409,,,,
1353,10/16/17 04:30:00 PM,27.949,16.193,,,,
1354,10/16/17 05:00:00 PM,24.847,19.807,,,,
1355,10/16/17 05:30:00 PM,22.753,23.330,,,,
1356,10/16/17 06:00:00 PM,21.557,24.204,,,,
1357,10/16/17 06:30:00 PM,20.865,25.174,,,,
1358,10/16/17 07:00:00 PM,20.388,25.308,,,,
1359,10/16/17 07:30:00 PM,19.484,27.431,,,,
1360,10/16/17 08:00:00 PM,18.699,28.240,,,,
1361,10/16/17 08:30:00 PM,18.343,29.378,,,,
1362,10/16/17 09:00:00 PM,17.701,30.751,,,,
1363,10/16/17 09:30:00 PM,17.653,31.011,,,,
1364,10/16/17 10:00:00 PM,17.344,31.413,,,,
1365,10/16/17 10:30:00 PM,17.701,30.287,,,,
1366,10/16/17 11:00:00 PM,17.510,31.395,,,,
1367,10/16/17 11:30:00 PM,16.606,34.332,,,,
1368,10/17/17 12:00:00 AM,16.201,35.173,,,,
1369,10/17/17 12:30:00 AM,16.153,34.582,,,,
1370,10/17/17 01:00:00 AM,15.891,35.857,,,,
1371,10/17/17 01:30:00 AM,15.318,37.641,,,,
1372,10/17/17 02:00:00 AM,15.079,38.163,,,,
1373,10/17/17 02:30:00 AM,15.318,37.769,,,,
1374,10/17/17 03:00:00 AM,14.912,38.370,,,,
1375,10/17/17 03:30:00 AM,15.103,37.168,,,,
1376,10/17/17 04:00:00 AM,15.342,36.643,,,,
1377,10/17/17 04:30:00 AM,14.792,37.747,,,,
1378,10/17/17 05:00:00 AM,14.984,37.220,,,,
1379,10/17/17 05:30:00 AM,14.768,37.069,,,,
1380,10/17/17 06:00:00 AM,14.074,38.985,,,,
1381,10/17/17 06:30:00 AM,14.361,37.092,,,,
1382,10/17/17 07:00:00 AM,14.745,35.517,,,,
1383,10/17/17 07:30:00 AM,16.272,34.235,,,,
1384,10/17/17 08:00:00 AM,18.414,29.949,,,,
1385,10/17/17 08:30:00 AM,19.888,29.305,,,,
1386,10/17/17 09:00:00 AM,20.365,29.311,,,,
1387,10/17/17 09:30:00 AM,22.202,26.322,,,,
1388,10/17/17 10:00:00 AM,23.737,20.849,,,,
1389,10/17/17 10:30:00 AM,25.793,18.328,,,,
1390,10/17/17 11:00:00 AM,26.231,17.231,,,,
1391,10/17/17 11:30:00 AM,28.394,12.306,,,,
1392,10/17/17 12:00:00 PM,28.866,10.175,,,,
1393,10/17/17 12:30:00 PM,28.147,11.867,,,,
1394,10/17/17 01:00:00 PM,28.394,11.806,,,,
1395,10/17/17 01:30:00 PM,28.791,11.822,,,,
1396,10/17/17 02:00:00 PM,28.345,11.446,,,,
1397,10/17/17 02:30:00 PM,28.766,11.749,,,,
1398,10/17/17 03:00:00 PM,27.702,13.630,,,,
1399,10/17/17 03:30:00 PM,27.702,13.666,,,,
1400,10/17/17 04:00:00 PM,26.744,14.225,,,,
1401,10/17/17 04:30:00 PM,24.653,14.763,,,,
1402,10/17/17 05:00:00 PM,22.992,15.734,,,,
1403,10/17/17 05:30:00 PM,20.984,18.614,,,,
1404,10/17/17 06:00:00 PM,19.436,20.413,,,,
1405,10/17/17 06:30:00 PM,17.724,22.584,,,,
1406,10/17/17 07:00:00 PM,16.415,24.249,,,,
1407,10/17/17 07:30:00 PM,15.461,25.887,,,,
1408,10/17/17 08:00:00 PM,15.342,26.044,,,,
1409,10/17/17 08:30:00 PM,15.031,26.287,,,,
1410,10/17/17 09:00:00 PM,14.505,28.335,,,,
1411,10/17/17 09:30:00 PM,13.762,32.242,,,,
1412,10/17/17 10:00:00 PM,13.425,34.224,,,,
1413,10/17/17 10:30:00 PM,13.353,37.598,,,,
1414,10/17/17 11:00:00 PM,13.040,40.749,,,,
1415,10/17/17 11:30:00 PM,12.920,40.767,,,,
1416,10/18/17 12:00:00 AM,12.799,40.437,,,,
1417,10/18/17 12:30:00 AM,12.582,39.334,,,,
1418,10/18/17 01:00:00 AM,12.147,39.097,,,,
1419,10/18/17 01:30:00 AM,11.492,40.860,,,,
1420,10/18/17 02:00:00 AM,10.858,42.922,,,,
1421,10/18/17 02:30:00 AM,10.590,42.890,,,,
1422,10/18/17 03:00:00 AM,10.051,43.699,,,,
1423,10/18/17 03:30:00 AM,9.731,43.411,,,,
1424,10/18/17 04:00:00 AM,9.682,42.221,,,,
1425,10/18/17 04:30:00 AM,9.780,43.168,,,,
1426,10/18/17 05:00:00 AM,9.952,42.721,,,,
1427,10/18/17 05:30:00 AM,9.682,44.895,,,,
1428,10/18/17 06:00:00 AM,10.320,40.414,,,,
1429,10/18/17 06:30:00 AM,9.805,41.986,,,,
1430,10/18/17 07:00:00 AM,10.001,42.134,,,,
1431,10/18/17 07:30:00 AM,12.050,38.004,,,,
1432,10/18/17 08:00:00 AM,12.847,37.961,,,,
1433,10/18/17 08:30:00 AM,13.642,41.862,,,,
1434,10/18/17 09:00:00 AM,13.810,46.715,,,,
1435,10/18/17 09:30:00 AM,16.415,35.681,,,,
1436,10/18/17 10:00:00 AM,18.937,32.545,,,,
1437,10/18/17 10:30:00 AM,19.080,30.736,,,,
1438,10/18/17 11:00:00 AM,20.579,27.852,,,,
1439,10/18/17 11:30:00 AM,22.705,28.930,,,,
1440,10/18/17 12:00:00 PM,23.112,30.780,,,,
1441,10/18/17 12:30:00 PM,23.088,28.252,,,,
1442,10/18/17 01:00:00 PM,24.291,24.051,,,,
1443,10/18/17 01:30:00 PM,25.210,19.828,,,,
1444,10/18/17 02:00:00 PM,25.016,18.390,,,,
1445,10/18/17 02:30:00 PM,24.798,21.260,,,,
1446,10/18/17 03:00:00 PM,23.016,28.550,,,,
1447,10/18/17 03:30:00 PM,22.034,29.112,,,,
1448,10/18/17 04:00:00 PM,21.604,33.118,,,,
1449,10/18/17 04:30:00 PM,21.342,30.396,,,,
1450,10/18/17 05:00:00 PM,19.770,32.918,,,,
1451,10/18/17 05:30:00 PM,17.368,41.809,,,,
1452,10/18/17 06:00:00 PM,15.079,48.248,,,,
1453,10/18/17 06:30:00 PM,13.473,53.898,,,,
1454,10/18/17 07:00:00 PM,12.364,57.436,,,,
1455,10/18/17 07:30:00 PM,11.662,59.319,,,,
1456,10/18/17 08:00:00 PM,10.785,66.896,,,,
1457,10/18/17 08:30:00 PM,10.051,69.837,,,,
1458,10/18/17 09:00:00 PM,9.410,72.412,,,,
1459,10/18/17 09:30:00 PM,8.891,74.890,,,,
1460,10/18/17 10:00:00 PM,8.618,76.456,,,,
1461,10/18/17 10:30:00 PM,8.519,76.599,,,,
1462,10/18/17 11:00:00 PM,8.145,80.504,,,,
1463,10/18/17 11:30:00 PM,7.895,80.824,,,,
1464,10/19/17 12:00:00 AM,8.045,85.028,,,,
1465,10/19/17 12:30:00 AM,7.995,90.496,,,,
1466,10/19/17 01:00:00 AM,8.866,92.916,,,,
1467,10/19/17 01:30:00 AM,9.336,94.156,,,,
1468,10/19/17 02:00:00 AM,9.213,92.802,,,,
1469,10/19/17 02:30:00 AM,8.618,93.764,,,,
1470,10/19/17 03:00:00 AM,8.990,94.418,,,,
1471,10/19/17 03:30:00 AM,9.410,94.580,,,,
1472,10/19/17 04:00:00 AM,9.386,94.498,,,,
1473,10/19/17 04:30:00 AM,9.262,95.499,,,,
1474,10/19/17 05:00:00 AM,9.015,96.035,,,,
1475,10/19/17 05:30:00 AM,8.941,97.114,,,,
1476,10/19/17 06:00:00 AM,9.064,96.973,,,,
1477,10/19/17 06:30:00 AM,8.990,96.928,,,,
1478,10/19/17 07:00:00 AM,9.163,96.975,,,,
1479,10/19/17 07:30:00 AM,10.100,94.306,,,,
1480,10/19/17 08:00:00 AM,10.638,91.837,,,,
1481,10/19/17 08:30:00 AM,11.613,87.065,,,,
1482,10/19/17 09:00:00 AM,12.219,84.598,,,,
1483,10/19/17 09:30:00 AM,13.161,79.402,,,,
1484,10/19/17 10:00:00 AM,13.978,77.110,,,,
1485,10/19/17 10:30:00 AM,15.461,72.815,,,,
1486,10/19/17 11:00:00 AM,15.270,75.386,,,,
1487,10/19/17 11:30:00 AM,15.270,75.921,,,,
1488,10/19/17 12:00:00 PM,15.414,76.710,,,,
1489,10/19/17 12:30:00 PM,15.676,76.004,,,,
1490,10/19/17 01:00:00 PM,15.175,80.860,,,,
1491,10/19/17 01:30:00 PM,14.649,84.675,,,,
1492,10/19/17 02:00:00 PM,13.930,88.949,,,,
1493,10/19/17 02:30:00 PM,14.361,86.976,,,,
1494,10/19/17 03:00:00 PM,14.242,88.680,,,,
1495,10/19/17 03:30:00 PM,13.522,95.464,,,,
1496,10/19/17 04:00:00 PM,13.281,96.932,,,,
1497,10/19/17 04:30:00 PM,13.064,98.090,,,,
1498,10/19/17 05:00:00 PM,12.920,99.208,,,,
1499,10/19/17 05:30:00 PM,12.968,100.000,,,,
1500,10/19/17 06:00:00 PM,13.040,100.000,,,,
1501,10/19/17 06:30:00 PM,13.112,100.000,,,,
1502,10/19/17 07:00:00 PM,13.209,100.000,,,,
1503,10/19/17 07:30:00 PM,13.305,100.000,,,,
1504,10/19/17 08:00:00 PM,13.546,100.000,,,,
1505,10/19/17 08:30:00 PM,13.738,100.000,,,,
1506,10/19/17 09:00:00 PM,13.858,100.000,,,,
1507,10/19/17 09:30:00 PM,12.195,100.000,,,,
1508,10/19/17 10:00:00 PM,11.443,100.000,,,,
1509,10/19/17 10:30:00 PM,10.932,100.000,,,,
1510,10/19/17 11:00:00 PM,10.001,100.000,,,,
1511,10/19/17 11:30:00 PM,9.780,100.000,,,,
1512,10/20/17 12:00:00 AM,9.583,100.000,,,,
1513,10/20/17 12:30:00 AM,9.213,100.000,,,,
1514,10/20/17 01:00:00 AM,8.965,100.000,,,,
1515,10/20/17 01:30:00 AM,8.965,100.000,,,,
1516,10/20/17 02:00:00 AM,8.941,100.000,,,,
1517,10/20/17 02:30:00 AM,8.618,100.000,,,,
1518,10/20/17 03:00:00 AM,8.170,100.000,,,,
1519,10/20/17 03:30:00 AM,8.941,100.000,,,,
1520,10/20/17 04:00:00 AM,8.965,100.000,,,,
1521,10/20/17 04:30:00 AM,8.568,100.000,,,,
1522,10/20/17 05:00:00 AM,7.945,100.000,,,,
1523,10/20/17 05:30:00 AM,7.519,100.000,,,,
1524,10/20/17 06:00:00 AM,7.619,100.000,,,,
1525,10/20/17 06:30:00 AM,7.494,100.000,,,,
1526,10/20/17 07:00:00 AM,8.045,100.000,,,,
1527,10/20/17 07:30:00 AM,8.270,100.000,,,,
1528,10/20/17 08:00:00 AM,8.817,100.000,,,,
1529,10/20/17 08:30:00 AM,9.706,100.000,,,,
1530,10/20/17 09:00:00 AM,9.780,100.000,,,,
1531,10/20/17 09:30:00 AM,10.173,100.000,,,,
1532,10/20/17 10:00:00 AM,11.053,100.000,,,,
1533,10/20/17 10:30:00 AM,10.687,100.000,,,,
1534,10/20/17 11:00:00 AM,11.005,100.000,,,,
1535,10/20/17 11:30:00 AM,12.001,95.852,,,,
1536,10/20/17 12:00:00 PM,12.364,91.966,,,,
1537,10/20/17 12:30:00 PM,13.594,85.294,,,,
1538,10/20/17 01:00:00 PM,14.266,75.350,,,,
1539,10/20/17 01:30:00 PM,14.601,69.584,,,,
1540,10/20/17 02:00:00 PM,14.768,64.174,,,,
1541,10/20/17 02:30:00 PM,16.129,58.534,,,,
1542,10/20/17 03:00:00 PM,15.796,54.694,,,,
1543,10/20/17 03:30:00 PM,14.936,58.017,,,,
1544,10/20/17 04:00:00 PM,15.199,57.756,,,,
1545,10/20/17 04:30:00 PM,15.175,58.385,,,,
1546,10/20/17 05:00:00 PM,14.146,62.418,,,,
1547,10/20/17 05:30:00 PM,12.871,63.671,,,,
1548,10/20/17 06:00:00 PM,11.175,76.856,,,,
1549,10/20/17 06:30:00 PM,10.100,83.412,,,,
1550,10/20/17 07:00:00 PM,10.590,76.815,,,,
1551,10/20/17 07:30:00 PM,10.443,75.763,,,,
1552,10/20/17 08:00:00 PM,10.075,80.636,,,,
1553,10/20/17 08:30:00 PM,10.271,76.418,,,,
1554,10/20/17 09:00:00 PM,9.558,81.895,,,,
1555,10/20/17 09:30:00 PM,9.213,84.378,,,,
1556,10/20/17 10:00:00 PM,9.410,81.916,,,,
1557,10/20/17 10:30:00 PM,9.139,83.776,,,,
1558,10/20/17 11:00:00 PM,8.469,87.877,,,,
1559,10/20/17 11:30:00 PM,8.170,89.409,,,,
1560,10/21/17 12:00:00 AM,7.970,89.307,,,,
1561,10/21/17 12:30:00 AM,7.619,90.350,,,,
1562,10/21/17 01:00:00 AM,7.569,90.976,,,,
1563,10/21/17 01:30:00 AM,7.544,91.098,,,,
1564,10/21/17 02:00:00 AM,7.419,91.549,,,,
1565,10/21/17 02:30:00 AM,7.519,91.295,,,,
1566,10/21/17 03:00:00 AM,7.368,90.797,,,,
1567,10/21/17 03:30:00 AM,7.217,91.523,,,,
1568,10/21/17 04:00:00 AM,6.839,92.918,,,,
1569,10/21/17 04:30:00 AM,7.217,91.650,,,,
1570,10/21/17 05:00:00 AM,7.142,91.453,,,,
1571,10/21/17 05:30:00 AM,6.535,93.316,,,,
1572,10/21/17 06:00:00 AM,6.839,93.698,,,,
1573,10/21/17 06:30:00 AM,6.965,93.128,,,,
1574,10/21/17 07:00:00 AM,6.737,94.423,,,,
1575,10/21/17 07:30:00 AM,7.242,94.156,,,,
1576,10/21/17 08:00:00 AM,8.643,89.553,,,,
1577,10/21/17 08:30:00 AM,10.320,78.186,,,,
1578,10/21/17 09:00:00 AM,10.785,76.277,,,,
1579,10/21/17 09:30:00 AM,12.268,70.687,,,,
1580,10/21/17 10:00:00 AM,13.353,65.303,,,,
1581,10/21/17 10:30:00 AM,14.553,60.529,,,,
1582,10/21/17 11:00:00 AM,16.106,60.033,,,,
1583,10/21/17 11:30:00 AM,17.748,54.704,,,,
1584,10/21/17 12:00:00 PM,18.105,50.736,,,,
1585,10/21/17 12:30:00 PM,18.628,50.838,,,,
1586,10/21/17 01:00:00 PM,19.532,50.022,,,,
1587,10/21/17 01:30:00 PM,19.698,49.824,,,,
1588,10/21/17 02:00:00 PM,20.055,49.777,,,,
1589,10/21/17 02:30:00 PM,20.460,48.728,,,,
1590,10/21/17 03:00:00 PM,20.698,48.443,,,,
1591,10/21/17 03:30:00 PM,20.650,50.579,,,,
1592,10/21/17 04:00:00 PM,20.103,54.151,,,,
1593,10/21/17 04:30:00 PM,19.698,57.110,,,,
1594,10/21/17 05:00:00 PM,18.509,62.494,,,,
1595,10/21/17 05:30:00 PM,17.058,68.534,,,,
1596,10/21/17 06:00:00 PM,16.272,72.058,,,,
1597,10/21/17 06:30:00 PM,15.676,74.903,,,,
1598,10/21/17 07:00:00 PM,15.199,77.338,,,,
1599,10/21/17 07:30:00 PM,14.242,81.944,,,,
1600,10/21/17 08:00:00 PM,14.529,80.718,,,,
1601,10/21/17 08:30:00 PM,14.194,82.697,,,,
1602,10/21/17 09:00:00 PM,13.425,85.818,,,,
1603,10/21/17 09:30:00 PM,12.968,86.058,,,,
1604,10/21/17 10:00:00 PM,11.904,89.871,,,,
1605,10/21/17 10:30:00 PM,11.710,92.265,,,,
1606,10/21/17 11:00:00 PM,12.098,92.726,,,,
1607,10/21/17 11:30:00 PM,11.904,93.501,,,,
1608,10/22/17 12:00:00 AM,11.516,93.502,,,,
1609,10/22/17 12:30:00 AM,11.297,94.825,,,,
1610,10/22/17 01:00:00 AM,11.127,95.695,,,,
1611,10/22/17 01:30:00 AM,10.834,95.667,,,,
1612,10/22/17 02:00:00 AM,10.541,96.447,,,,
1613,10/22/17 02:30:00 AM,10.736,96.801,,,,
1614,10/22/17 03:00:00 AM,10.663,97.885,,,,
1615,10/22/17 03:30:00 AM,10.541,98.101,,,,
1616,10/22/17 04:00:00 AM,10.418,98.292,,,,
1617,10/22/17 04:30:00 AM,10.369,98.751,,,,
1618,10/22/17 05:00:00 AM,9.706,98.617,,,,
1619,10/22/17 05:30:00 AM,9.460,98.871,,,,
1620,10/22/17 06:00:00 AM,9.410,99.622,,,,
1621,10/22/17 06:30:00 AM,9.312,98.780,,,,
1622,10/22/17 07:00:00 AM,9.435,99.777,,,,
1623,10/22/17 07:30:00 AM,10.100,100.000,,,,
1624,10/22/17 08:00:00 AM,11.637,99.452,,,,
1625,10/22/17 08:30:00 AM,13.449,93.281,,,,
1626,10/22/17 09:00:00 AM,13.786,89.284,,,,
1627,10/22/17 09:30:00 AM,15.175,84.145,,,,
1628,10/22/17 10:00:00 AM,16.558,77.313,,,,
1629,10/22/17 10:30:00 AM,18.200,69.356,,,,
1630,10/22/17 11:00:00 AM,20.007,61.538,,,,
1631,10/22/17 11:30:00 AM,20.484,57.321,,,,
1632,10/22/17 12:00:00 PM,21.509,52.170,,,,
1633,10/22/17 12:30:00 PM,22.274,50.324,,,,
1634,10/22/17 01:00:00 PM,23.785,46.892,,,,
1635,10/22/17 01:30:00 PM,24.219,44.724,,,,
1636,10/22/17 02:00:00 PM,24.726,44.105,,,,
1637,10/22/17 02:30:00 PM,25.623,41.862,,,,
1638,10/22/17 03:00:00 PM,24.992,41.857,,,,
1639,10/22/17 03:30:00 PM,25.137,41.547,,,,
1640,10/22/17 04:00:00 PM,24.629,40.116,,,,
1641,10/22/17 04:30:00 PM,23.954,43.042,,,,
1642,10/22/17 05:00:00 PM,21.915,52.476,,,,
1643,10/22/17 05:30:00 PM,19.103,63.192,,,,
1644,10/22/17 06:00:00 PM,17.415,69.328,,,,
1645,10/22/17 06:30:00 PM,17.011,71.625,,,,
1646,10/22/17 07:00:00 PM,16.654,71.557,,,,
1647,10/22/17 07:30:00 PM,16.558,72.371,,,,
1648,10/22/17 08:00:00 PM,16.392,74.622,,,,
1649,10/22/17 08:30:00 PM,16.034,76.641,,,,
1650,10/22/17 09:00:00 PM,15.438,78.950,,,,
1651,10/22/17 09:30:00 PM,15.366,80.266,,,,
1652,10/22/17 10:00:00 PM,15.915,77.851,,,,
1653,10/22/17 10:30:00 PM,15.318,80.808,,,,
1654,10/22/17 11:00:00 PM,14.864,82.055,,,,
1655,10/22/17 11:30:00 PM,14.697,83.165,,,,
1656,10/23/17 12:00:00 AM,14.697,83.655,,,,
1657,10/23/17 12:30:00 AM,15.414,80.360,,,,
1658,10/23/17 01:00:00 AM,15.318,80.808,,,,
1659,10/23/17 01:30:00 AM,14.912,82.777,,,,
1660,10/23/17 02:00:00 AM,14.745,82.903,,,,
1661,10/23/17 02:30:00 AM,14.505,84.777,,,,
1662,10/23/17 03:00:00 AM,14.409,84.944,,,,
1663,10/23/17 03:30:00 AM,14.122,86.572,,,,
1664,10/23/17 04:00:00 AM,13.954,86.183,,,,
1665,10/23/17 04:30:00 AM,13.834,87.917,,,,
1666,10/23/17 05:00:00 AM,14.122,87.187,,,,
1667,10/23/17 05:30:00 AM,14.409,85.322,,,,
1668,10/23/17 06:00:00 AM,14.242,85.499,,,,
1669,10/23/17 06:30:00 AM,14.002,86.302,,,,
1670,10/23/17 07:00:00 AM,14.098,86.378,,,,
1671,10/23/17 07:30:00 AM,14.768,85.082,,,,
1672,10/23/17 08:00:00 AM,16.320,77.151,,,,
1673,10/23/17 08:30:00 AM,18.485,70.051,,,,
1674,10/23/17 09:00:00 AM,20.222,60.149,,,,
1675,10/23/17 09:30:00 AM,22.034,55.361,,,,
1676,10/23/17 10:00:00 AM,24.002,49.729,,,,
1677,10/23/17 10:30:00 AM,25.137,48.664,,,,
1678,10/23/17 11:00:00 AM,26.256,46.003,,,,
1679,10/23/17 11:30:00 AM,26.451,44.924,,,,
1680,10/23/17 12:00:00 PM,27.456,41.144,,,,
1681,10/23/17 12:30:00 PM,28.642,37.619,,,,
1682,10/23/17 01:00:00 PM,29.615,35.500,,,,
1683,10/23/17 01:30:00 PM,29.890,34.919,,,,
1684,10/23/17 02:00:00 PM,31.204,32.253,,,,
1685,10/23/17 02:30:00 PM,31.765,30.142,,,,
1686,10/23/17 03:00:00 PM,30.824,32.493,,,,
1687,10/23/17 03:30:00 PM,29.290,38.753,,,,
1688,10/23/17 04:00:00 PM,28.816,40.829,,,,
1689,10/23/17 04:30:00 PM,28.990,36.817,,,,
1690,10/23/17 05:00:00 PM,27.579,40.564,,,,
1691,10/23/17 05:30:00 PM,25.016,48.872,,,,
1692,10/23/17 06:00:00 PM,22.274,60.842,,,,
1693,10/23/17 06:30:00 PM,21.700,59.591,,,,
1694,10/23/17 07:00:00 PM,21.939,54.228,,,,
1695,10/23/17 07:30:00 PM,21.270,57.041,,,,
1696,10/23/17 08:00:00 PM,20.770,59.018,,,,
1697,10/23/17 08:30:00 PM,20.603,59.784,,,,
1698,10/23/17 09:00:00 PM,20.555,57.700,,,,
1699,10/23/17 09:30:00 PM,20.627,56.267,,,,
1700,10/23/17 10:00:00 PM,21.366,49.383,,,,
1701,10/23/17 10:30:00 PM,21.676,47.840,,,,
1702,10/23/17 11:00:00 PM,21.963,45.099,,,,
1703,10/23/17 11:30:00 PM,21.366,49.004,,,,
1704,10/24/17 12:00:00 AM,20.865,50.168,,,,
1705,10/24/17 12:30:00 AM,21.270,47.788,,,,
1706,10/24/17 01:00:00 AM,20.936,49.831,,,,
1707,10/24/17 01:30:00 AM,20.507,49.176,,,,
1708,10/24/17 02:00:00 AM,20.031,52.464,,,,
1709,10/24/17 02:30:00 AM,20.198,46.066,,,,
1710,10/24/17 03:00:00 AM,19.960,51.768,,,,
1711,10/24/17 03:30:00 AM,19.960,51.300,,,,
1712,10/24/17 04:00:00 AM,19.936,50.984,,,,
1713,10/24/17 04:30:00 AM,18.913,55.213,,,,
1714,10/24/17 05:00:00 AM,18.390,54.613,,,,
1715,10/24/17 05:30:00 AM,18.319,55.708,,,,
1716,10/24/17 06:00:00 AM,17.582,59.215,,,,
1717,10/24/17 06:30:00 AM,17.011,63.019,,,,
1718,10/24/17 07:00:00 AM,17.867,58.746,,,,
1719,10/24/17 07:30:00 AM,18.224,57.039,,,,
1720,10/24/17 08:00:00 AM,18.794,56.361,,,,
1721,10/24/17 08:30:00 AM,20.746,53.716,,,,
1722,10/24/17 09:00:00 AM,22.298,49.094,,,,
1723,10/24/17 09:30:00 AM,24.146,41.796,,,,
1724,10/24/17 10:00:00 AM,25.234,40.542,,,,
1725,10/24/17 10:30:00 AM,26.524,37.108,,,,
1726,10/24/17 11:00:00 AM,28.270,33.622,,,,
1727,10/24/17 11:30:00 AM,30.748,28.065,,,,
1728,10/24/17 12:00:00 PM,31.357,26.693,,,,
1729,10/24/17 12:30:00 PM,32.587,25.740,,,,
1730,10/24/17 01:00:00 PM,33.783,24.319,,,,
1731,10/24/17 01:30:00 PM,33.835,27.573,,,,
1732,10/24/17 02:00:00 PM,33.469,27.336,,,,
1733,10/24/17 02:30:00 PM,33.365,27.085,,,,
1734,10/24/17 03:00:00 PM,32.484,27.332,,,,
1735,10/24/17 03:30:00 PM,32.278,26.240,,,,
1736,10/24/17 04:00:00 PM,31.791,28.111,,,,
1737,10/24/17 04:30:00 PM,30.192,30.732,,,,
1738,10/24/17 05:00:00 PM,29.290,34.458,,,,
1739,10/24/17 05:30:00 PM,27.875,35.402,,,,
1740,10/24/17 06:00:00 PM,26.256,37.314,,,,
1741,10/24/17 06:30:00 PM,24.823,40.530,,,,
1742,10/24/17 07:00:00 PM,23.064,49.796,,,,
1743,10/24/17 07:30:00 PM,21.891,51.501,,,,
1744,10/24/17 08:00:00 PM,21.270,54.847,,,,
1745,10/24/17 08:30:00 PM,20.960,55.452,,,,
1746,10/24/17 09:00:00 PM,21.676,50.276,,,,
1747,10/24/17 09:30:00 PM,21.008,55.490,,,,
1748,10/24/17 10:00:00 PM,21.056,53.168,,,,
1749,10/24/17 10:30:00 PM,20.269,57.993,,,,
1750,10/24/17 11:00:00 PM,19.246,62.316,,,,
1751,10/24/17 11:30:00 PM,20.531,54.770,,,,
1752,10/25/17 12:00:00 AM,20.079,58.940,,,,
1753,10/25/17 12:30:00 AM,19.484,60.879,,,,
1754,10/25/17 01:00:00 AM,19.175,61.703,,,,
1755,10/25/17 01:30:00 AM,19.032,61.258,,,,
1756,10/25/17 02:00:00 AM,19.175,59.892,,,,
1757,10/25/17 02:30:00 AM,18.628,62.453,,,,
1758,10/25/17 03:00:00 AM,18.414,62.687,,,,
1759,10/25/17 03:30:00 AM,18.414,60.826,,,,
1760,10/25/17 04:00:00 AM,18.152,60.121,,,,
1761,10/25/17 04:30:00 AM,17.819,63.572,,,,
1762,10/25/17 05:00:00 AM,17.653,65.146,,,,
1763,10/25/17 05:30:00 AM,17.962,62.672,,,,
1764,10/25/17 06:00:00 AM,17.701,58.417,,,,
1765,10/25/17 06:30:00 AM,17.391,61.770,,,,
1766,10/25/17 07:00:00 AM,18.794,55.564,,,,
1767,10/25/17 07:30:00 AM,18.438,59.411,,,,
1768,10/25/17 08:00:00 AM,19.151,56.905,,,,
1769,10/25/17 08:30:00 AM,21.270,51.102,,,,
1770,10/25/17 09:00:00 AM,23.400,47.229,,,,
1771,10/25/17 09:30:00 AM,25.210,42.110,,,,
1772,10/25/17 10:00:00 AM,26.671,40.269,,,,
1773,10/25/17 10:30:00 AM,26.891,40.160,,,,
1774,10/25/17 11:00:00 AM,28.717,35.549,,,,
1775,10/25/17 11:30:00 AM,30.167,32.095,,,,
1776,10/25/17 12:00:00 PM,30.369,29.685,,,,
1777,10/25/17 12:30:00 PM,31.484,25.870,,,,
1778,10/25/17 01:00:00 PM,31.714,23.305,,,,
1779,10/25/17 01:30:00 PM,32.021,22.343,,,,
1780,10/25/17 02:00:00 PM,32.562,21.180,,,,
1781,10/25/17 02:30:00 PM,33.417,20.100,,,,
1782,10/25/17 03:00:00 PM,32.949,21.274,,,,
1783,10/25/17 03:30:00 PM,32.175,22.563,,,,
1784,10/25/17 04:00:00 PM,31.765,24.427,,,,
1785,10/25/17 04:30:00 PM,30.545,28.497,,,,
1786,10/25/17 05:00:00 PM,29.015,30.600,,,,
1787,10/25/17 05:30:00 PM,27.161,35.669,,,,
1788,10/25/17 06:00:00 PM,24.629,40.116,,,,
1789,10/25/17 06:30:00 PM,23.280,42.803,,,,
1790,10/25/17 07:00:00 PM,22.657,43.992,,,,
1791,10/25/17 07:30:00 PM,22.154,47.105,,,,
1792,10/25/17 08:00:00 PM,21.987,49.718,,,,
1793,10/25/17 08:30:00 PM,21.485,50.943,,,,
1794,10/25/17 09:00:00 PM,20.484,55.382,,,,
1795,10/25/17 09:30:00 PM,19.674,57.474,,,,
1796,10/25/17 10:00:00 PM,19.674,57.168,,,,
1797,10/25/17 10:30:00 PM,18.842,60.986,,,,
1798,10/25/17 11:00:00 PM,18.723,61.388,,,,
1799,10/25/17 11:30:00 PM,18.366,63.158,,,,
1800,10/26/17 12:00:00 AM,18.224,64.859,,,,
1801,10/26/17 12:30:00 AM,18.152,64.015,,,,
1802,10/26/17 01:00:00 AM,18.319,63.657,,,,
1803,10/26/17 01:30:00 AM,18.010,64.437,,,,
1804,10/26/17 02:00:00 AM,17.106,67.081,,,,
1805,10/26/17 02:30:00 AM,16.701,69.340,,,,
1806,10/26/17 03:00:00 AM,17.368,63.079,,,,
1807,10/26/17 03:30:00 AM,16.987,64.971,,,,
1808,10/26/17 04:00:00 AM,17.415,62.908,,,,
1809,10/26/17 04:30:00 AM,17.391,63.499,,,,
1810,10/26/17 05:00:00 AM,17.629,61.330,,,,
1811,10/26/17 05:30:00 AM,17.415,62.729,,,,
1812,10/26/17 06:00:00 AM,17.582,60.241,,,,
1813,10/26/17 06:30:00 AM,17.891,59.325,,,,
1814,10/26/17 07:00:00 AM,18.200,52.766,,,,
1815,10/26/17 07:30:00 AM,17.891,56.866,,,,
1816,10/26/17 08:00:00 AM,18.319,55.953,,,,
1817,10/26/17 08:30:00 AM,19.603,54.234,,,,
1818,10/26/17 09:00:00 AM,21.175,50.650,,,,
1819,10/26/17 09:30:00 AM,23.569,43.193,,,,
1820,10/26/17 10:00:00 AM,25.768,37.663,,,,
1821,10/26/17 10:30:00 AM,26.867,33.898,,,,
1822,10/26/17 11:00:00 AM,28.295,30.914,,,,
1823,10/26/17 11:30:00 AM,29.991,28.728,,,,
1824,10/26/17 12:00:00 PM,30.243,29.401,,,,
1825,10/26/17 12:30:00 PM,30.976,26.873,,,,
1826,10/26/17 01:00:00 PM,32.613,23.714,,,,
1827,10/26/17 01:30:00 PM,32.381,22.682,,,,
1828,10/26/17 02:00:00 PM,32.304,21.693,,,,
1829,10/26/17 02:30:00 PM,32.381,20.498,,,,
1830,10/26/17 03:00:00 PM,32.381,20.604,,,,
1831,10/26/17 03:30:00 PM,31.714,20.565,,,,
1832,10/26/17 04:00:00 PM,31.408,21.391,,,,
1833,10/26/17 04:30:00 PM,30.192,27.160,,,,
1834,10/26/17 05:00:00 PM,28.692,28.626,,,,
1835,10/26/17 05:30:00 PM,27.038,30.876,,,,
1836,10/26/17 06:00:00 PM,25.671,34.324,,,,
1837,10/26/17 06:30:00 PM,24.026,37.883,,,,
1838,10/26/17 07:00:00 PM,22.753,41.998,,,,
1839,10/26/17 07:30:00 PM,21.581,45.053,,,,
1840,10/26/17 08:00:00 PM,20.841,48.304,,,,
1841,10/26/17 08:30:00 PM,20.412,49.447,,,,
1842,10/26/17 09:00:00 PM,19.817,50.843,,,,
1843,10/26/17 09:30:00 PM,19.365,52.495,,,,
1844,10/26/17 10:00:00 PM,19.294,52.081,,,,
1845,10/26/17 10:30:00 PM,19.008,53.035,,,,
1846,10/26/17 11:00:00 PM,18.889,53.482,,,,
1847,10/26/17 11:30:00 PM,18.652,54.928,,,,
1848,10/27/17 12:00:00 AM,18.604,53.905,,,,
1849,10/27/17 12:30:00 AM,18.200,56.455,,,,
1850,10/27/17 01:00:00 AM,17.748,58.243,,,,
1851,10/27/17 01:30:00 AM,17.629,58.073,,,,
1852,10/27/17 02:00:00 AM,17.748,56.753,,,,
1853,10/27/17 02:30:00 AM,17.486,58.656,,,,
1854,10/27/17 03:00:00 AM,17.677,57.746,,,,
1855,10/27/17 03:30:00 AM,17.368,58.547,,,,
1856,10/27/17 04:00:00 AM,17.368,55.903,,,,
1857,10/27/17 04:30:00 AM,17.034,57.860,,,,
1858,10/27/17 05:00:00 AM,16.439,58.372,,,,
1859,10/27/17 05:30:00 AM,16.654,59.039,,,,
1860,10/27/17 06:00:00 AM,16.320,57.386,,,,
1861,10/27/17 06:30:00 AM,16.606,57.672,,,,
1862,10/27/17 07:00:00 AM,16.606,56.124,,,,
1863,10/27/17 07:30:00 AM,17.177,56.545,,,,
1864,10/27/17 08:00:00 AM,19.151,48.464,,,,
1865,10/27/17 08:30:00 AM,20.031,46.966,,,,
1866,10/27/17 09:00:00 AM,21.748,45.873,,,,
1867,10/27/17 09:30:00 AM,23.160,41.198,,,,
1868,10/27/17 10:00:00 AM,24.944,37.613,,,,
1869,10/27/17 10:30:00 AM,26.207,35.143,,,,
1870,10/27/17 11:00:00 AM,27.653,31.979,,,,
1871,10/27/17 11:30:00 AM,28.941,29.809,,,,
1872,10/27/17 12:00:00 PM,29.690,27.914,,,,
1873,10/27/17 12:30:00 PM,30.646,25.289,,,,
1874,10/27/17 01:00:00 PM,31.001,24.165,,,,
1875,10/27/17 01:30:00 PM,31.281,22.366,,,,
1876,10/27/17 02:00:00 PM,32.433,19.157,,,,
1877,10/27/17 02:30:00 PM,33.261,19.168,,,,
1878,10/27/17 03:00:00 PM,32.098,20.729,,,,
1879,10/27/17 03:30:00 PM,31.996,21.568,,,,
1880,10/27/17 04:00:00 PM,30.798,23.907,,,,
1881,10/27/17 04:30:00 PM,29.640,25.668,,,,
1882,10/27/17 05:00:00 PM,27.825,30.807,,,,
1883,10/27/17 05:30:00 PM,25.866,29.897,,,,
1884,10/27/17 06:00:00 PM,23.521,35.552,,,,
1885,10/27/17 06:30:00 PM,22.274,37.704,,,,
1886,10/27/17 07:00:00 PM,21.318,40.086,,,,
1887,10/27/17 07:30:00 PM,20.722,42.737,,,,
1888,10/27/17 08:00:00 PM,19.960,46.481,,,,
1889,10/27/17 08:30:00 PM,19.389,45.776,,,,
1890,10/27/17 09:00:00 PM,18.390,50.463,,,,
1891,10/27/17 09:30:00 PM,17.938,51.179,,,,
1892,10/27/17 10:00:00 PM,17.605,50.201,,,,
1893,10/27/17 10:30:00 PM,17.463,52.230,,,,
1894,10/27/17 11:00:00 PM,17.463,52.570,,,,
1895,10/27/17 11:30:00 PM,16.987,54.010,,,,
1896,10/28/17 12:00:00 AM,16.749,55.993,,,,
1897,10/28/17 12:30:00 AM,16.392,57.215,,,,
1898,10/28/17 01:00:00 AM,15.915,59.343,,,,
1899,10/28/17 01:30:00 AM,16.058,59.215,,,,
1900,10/28/17 02:00:00 AM,15.939,59.587,,,,
1901,10/28/17 02:30:00 AM,15.318,61.130,,,,
1902,10/28/17 03:00:00 AM,15.557,59.855,,,,
1903,10/28/17 03:30:00 AM,15.223,60.369,,,,
1904,10/28/17 04:00:00 AM,14.625,64.120,,,,
1905,10/28/17 04:30:00 AM,14.457,65.059,,,,
1906,10/28/17 05:00:00 AM,14.146,64.712,,,,
1907,10/28/17 05:30:00 AM,13.786,66.398,,,,
1908,10/28/17 06:00:00 AM,13.353,67.825,,,,
1909,10/28/17 06:30:00 AM,13.161,67.992,,,,
1910,10/28/17 07:00:00 AM,12.968,69.421,,,,
1911,10/28/17 07:30:00 AM,13.978,68.719,,,,
1912,10/28/17 08:00:00 AM,16.296,60.663,,,,
1913,10/28/17 08:30:00 AM,17.272,56.925,,,,
1914,10/28/17 09:00:00 AM,18.414,55.416,,,,
1915,10/28/17 09:30:00 AM,19.460,51.138,,,,
1916,10/28/17 10:00:00 AM,21.079,47.542,,,,
1917,10/28/17 10:30:00 AM,22.274,44.462,,,,
1918,10/28/17 11:00:00 AM,24.291,39.391,,,,
1919,10/28/17 11:30:00 AM,26.134,35.971,,,,
1920,10/28/17 12:00:00 PM,26.793,34.965,,,,
1921,10/28/17 12:30:00 PM,26.695,32.773,,,,
1922,10/28/17 01:00:00 PM,26.867,31.674,,,,
1923,10/28/17 01:30:00 PM,27.407,31.518,,,,
1924,10/28/17 02:00:00 PM,28.023,30.415,,,,
1925,10/28/17 02:30:00 PM,29.015,30.088,,,,
1926,10/28/17 03:00:00 PM,27.530,33.353,,,,
1927,10/28/17 03:30:00 PM,26.867,35.139,,,,
1928,10/28/17 04:00:00 PM,25.793,34.135,,,,
1929,10/28/17 04:30:00 PM,24.847,38.231,,,,
1930,10/28/17 05:00:00 PM,22.776,43.780,,,,
1931,10/28/17 05:30:00 PM,21.032,48.550,,,,
1932,10/28/17 06:00:00 PM,19.436,51.385,,,,
1933,10/28/17 06:30:00 PM,18.295,55.337,,,,
1934,10/28/17 07:00:00 PM,17.368,58.789,,,,
1935,10/28/17 07:30:00 PM,16.582,60.979,,,,
1936,10/28/17 08:00:00 PM,15.294,65.645,,,,
1937,10/28/17 08:30:00 PM,15.127,65.645,,,,
1938,10/28/17 09:00:00 PM,14.768,66.894,,,,
1939,10/28/17 09:30:00 PM,14.290,68.777,,,,
1940,10/28/17 10:00:00 PM,13.978,70.900,,,,
1941,10/28/17 10:30:00 PM,13.978,70.500,,,,
1942,10/28/17 11:00:00 PM,13.497,72.458,,,,
1943,10/28/17 11:30:00 PM,12.654,75.106,,,,
1944,10/29/17 12:00:00 AM,12.437,76.455,,,,
1945,10/29/17 12:30:00 AM,12.122,79.232,,,,
1946,10/29/17 01:00:00 AM,11.102,81.081,,,,
1947,10/29/17 01:30:00 AM,10.369,84.062,,,,
1948,10/29/17 02:00:00 AM,10.051,86.690,,,,
1949,10/29/17 02:30:00 AM,9.756,86.672,,,,
1950,10/29/17 03:00:00 AM,9.460,87.126,,,,
1951,10/29/17 03:30:00 AM,9.509,88.939,,,,
1952,10/29/17 04:00:00 AM,9.040,88.095,,,,
1953,10/29/17 04:30:00 AM,8.419,89.626,,,,
1954,10/29/17 05:00:00 AM,8.245,91.277,,,,
1955,10/29/17 05:30:00 AM,8.841,90.736,,,,
1956,10/29/17 06:00:00 AM,8.568,91.154,,,,
1957,10/29/17 06:30:00 AM,9.460,92.637,,,,
1958,10/29/17 07:00:00 AM,8.195,91.876,,,,
1959,10/29/17 07:30:00 AM,8.866,93.829,,,,
1960,10/29/17 08:00:00 AM,11.346,85.143,,,,
1961,10/29/17 08:30:00 AM,11.321,85.190,,,,
1962,10/29/17 09:00:00 AM,13.858,80.379,,,,
1963,10/29/17 09:30:00 AM,15.294,73.124,,,,
1964,10/29/17 10:00:00 AM,16.201,70.491,,,,
1965,10/29/17 10:30:00 AM,16.654,68.954,,,,
1966,10/29/17 11:00:00 AM,18.033,63.876,,,,
1967,10/29/17 11:30:00 AM,19.627,57.650,,,,
1968,10/29/17 12:00:00 PM,19.936,57.146,,,,
1969,10/29/17 12:30:00 PM,19.912,57.877,,,,
1970,10/29/17 01:00:00 PM,21.246,53.756,,,,
1971,10/29/17 01:30:00 PM,22.896,48.949,,,,
1972,10/29/17 02:00:00 PM,24.363,45.065,,,,
1973,10/29/17 02:30:00 PM,25.550,42.181,,,,
1974,10/29/17 03:00:00 PM,24.484,45.789,,,,
1975,10/29/17 03:30:00 PM,23.545,47.119,,,,
1976,10/29/17 04:00:00 PM,23.497,47.305,,,,
1977,10/29/17 04:30:00 PM,21.581,53.242,,,,
1978,10/29/17 05:00:00 PM,18.937,60.851,,,,
1979,10/29/17 05:30:00 PM,16.677,67.384,,,,
1980,10/29/17 06:00:00 PM,14.768,72.280,,,,
1981,10/29/17 06:30:00 PM,13.473,76.949,,,,
1982,10/29/17 07:00:00 PM,12.485,80.161,,,,
1983,10/29/17 07:30:00 PM,12.001,81.933,,,,
1984,10/29/17 08:00:00 PM,12.340,81.764,,,,
1985,10/29/17 08:30:00 PM,11.929,82.539,,,,
1986,10/29/17 09:00:00 PM,11.443,84.498,,,,
1987,10/29/17 09:30:00 PM,10.761,86.438,,,,
1988,10/29/17 10:00:00 PM,10.565,87.340,,,,
1989,10/29/17 10:30:00 PM,9.854,88.059,,,,
1990,10/29/17 11:00:00 PM,9.064,89.425,,,,
1991,10/29/17 11:30:00 PM,8.270,92.456,,,,
1992,10/30/17 12:00:00 AM,8.070,92.759,,,,
1993,10/30/17 12:30:00 AM,8.419,94.317,,,,
1994,10/30/17 01:00:00 AM,8.643,94.981,,,,
1995,10/30/17 01:30:00 AM,8.841,96.013,,,,
1996,10/30/17 02:00:00 AM,8.841,96.837,,,,
1997,10/30/17 02:30:00 AM,8.643,97.107,,,,
1998,10/30/17 03:00:00 AM,8.519,98.189,,,,
1999,10/30/17 03:30:00 AM,8.643,98.322,,,,
2000,10/30/17 04:00:00 AM,8.618,99.006,,,,
2001,10/30/17 04:30:00 AM,8.841,99.315,,,,
2002,10/30/17 05:00:00 AM,8.965,99.448,,,,
2003,10/30/17 05:30:00 AM,8.916,99.631,,,,
2004,10/30/17 06:00:00 AM,8.941,99.760,,,,
2005,10/30/17 06:30:00 AM,9.064,99.672,,,,
2006,10/30/17 07:00:00 AM,9.015,99.560,,,,
2007,10/30/17 07:30:00 AM,9.040,99.911,,,,
2008,10/30/17 08:00:00 AM,9.287,99.316,,,,
2009,10/30/17 08:30:00 AM,9.583,99.226,,,,
2010,10/30/17 09:00:00 AM,9.361,99.189,,,,
2011,10/30/17 09:30:00 AM,10.222,96.712,,,,
2012,10/30/17 10:00:00 AM,12.122,86.471,,,,
2013,10/30/17 10:30:00 AM,12.823,81.137,,,,
2014,10/30/17 11:00:00 AM,14.697,71.324,,,,
2015,10/30/17 11:30:00 AM,16.106,66.052,,,,
2016,10/30/17 12:00:00 PM,15.986,69.931,,,,
2017,10/30/17 12:30:00 PM,16.892,63.771,,,,
2018,10/30/17 01:00:00 PM,17.439,61.658,,,,
2019,10/30/17 01:30:00 PM,18.271,58.051,,,,
2020,10/30/17 02:00:00 PM,18.675,53.977,,,,
2021,10/30/17 02:30:00 PM,20.293,47.727,,,,
2022,10/30/17 03:00:00 PM,20.174,48.660,,,,
2023,10/30/17 03:30:00 PM,19.175,50.412,,,,
2024,10/30/17 04:00:00 PM,18.580,53.407,,,,
2025,10/30/17 04:30:00 PM,17.510,56.595,,,,
2026,10/30/17 05:00:00 PM,16.034,61.457,,,,
2027,10/30/17 05:30:00 PM,14.792,65.469,,,,
2028,10/30/17 06:00:00 PM,13.930,67.902,,,,
2029,10/30/17 06:30:00 PM,12.582,72.335,,,,
2030,10/30/17 07:00:00 PM,11.394,76.625,,,,
2031,10/30/17 07:30:00 PM,10.834,78.680,,,,
2032,10/30/17 08:00:00 PM,10.541,81.362,,,,
2033,10/30/17 08:30:00 PM,10.173,82.276,,,,
2034,10/30/17 09:00:00 PM,9.731,84.525,,,,
2035,10/30/17 09:30:00 PM,9.583,85.418,,,,
2036,10/30/17 10:00:00 PM,9.262,86.422,,,,
2037,10/30/17 10:30:00 PM,8.767,87.846,,,,
2038,10/30/17 11:00:00 PM,8.419,87.787,,,,
2039,10/30/17 11:30:00 PM,7.945,88.992,,,,
2040,10/31/17 12:00:00 AM,8.120,90.425,,,,
2041,10/31/17 12:30:00 AM,7.995,90.752,,,,
2042,10/31/17 01:00:00 AM,8.419,93.357,,,,
2043,10/31/17 01:30:00 AM,8.394,94.462,,,,
2044,10/31/17 02:00:00 AM,8.245,94.975,,,,
2045,10/31/17 02:30:00 AM,8.469,95.587,,,,
2046,10/31/17 03:00:00 AM,8.344,95.904,,,,
2047,10/31/17 03:30:00 AM,8.020,96.564,,,,
2048,10/31/17 04:00:00 AM,8.045,97.043,,,,
2049,10/31/17 04:30:00 AM,7.945,97.980,,,,
2050,10/31/17 05:00:00 AM,7.920,98.515,,,,
2051,10/31/17 05:30:00 AM,7.745,98.417,,,,
2052,10/31/17 06:00:00 AM,7.619,98.628,,,,
2053,10/31/17 06:30:00 AM,7.569,98.958,,,,
2054,10/31/17 07:00:00 AM,7.544,99.122,,,,
2055,10/31/17 07:30:00 AM,7.745,99.252,,,,
2056,10/31/17 08:00:00 AM,7.945,99.259,,,,
2057,10/31/17 08:30:00 AM,8.270,99.252,,,,
2058,10/31/17 09:00:00 AM,10.051,98.439,,,,
2059,10/31/17 09:30:00 AM,12.025,89.220,,,,
2060,10/31/17 10:00:00 AM,13.810,78.603,,,,
2061,10/31/17 10:30:00 AM,14.745,71.362,,,,
2062,10/31/17 11:00:00 AM,15.700,66.945,,,,
2063,10/31/17 11:30:00 AM,17.486,60.045,,,,
2064,10/31/17 12:00:00 PM,17.772,57.579,,,,
2065,10/31/17 12:30:00 PM,18.366,54.456,,,,
2066,10/31/17 01:00:00 PM,18.889,53.853,,,,
2067,10/31/17 01:30:00 PM,19.246,52.851,,,,
2068,10/31/17 02:00:00 PM,20.793,48.139,,,,
2069,10/31/17 02:30:00 PM,21.413,45.768,,,,
2070,10/31/17 03:00:00 PM,20.436,49.450,,,,
2071,10/31/17 03:30:00 PM,20.269,48.893,,,,
2072,10/31/17 04:00:00 PM,18.699,55.673,,,,
2073,10/31/17 04:30:00 PM,17.082,60.761,,,,
2074,10/31/17 05:00:00 PM,15.915,63.545,,,,
2075,10/31/17 05:30:00 PM,14.697,67.317,,,,
2076,10/31/17 06:00:00 PM,13.978,69.180,,,,
2077,10/31/17 06:30:00 PM,13.209,70.810,,,,
2078,10/31/17 07:00:00 PM,12.001,74.916,,,,
2079,10/31/17 07:30:00 PM,11.540,76.794,,,,
2080,10/31/17 08:00:00 PM,10.980,79.012,,,,
2081,10/31/17 08:30:00 PM,10.785,80.305,,,,
2082,10/31/17 09:00:00 PM,10.932,80.962,,,,
2083,10/31/17 09:30:00 PM,11.346,78.434,,,,
2084,10/31/17 10:00:00 PM,10.369,80.729,,,,
2085,10/31/17 10:30:00 PM,9.460,83.318,,,,
2086,10/31/17 11:00:00 PM,9.089,85.855,,,,
2087,10/31/17 11:30:00 PM,8.717,86.370,,,,
2088,11/01/17 12:00:00 AM,8.319,87.580,,,,
2089,11/01/17 12:30:00 AM,8.070,88.609,,,,
2090,11/01/17 01:00:00 AM,8.045,88.525,,,,
2091,11/01/17 01:30:00 AM,7.920,88.959,,,,
2092,11/01/17 02:00:00 AM,7.645,89.689,,,,
2093,11/01/17 02:30:00 AM,7.469,90.261,,,,
2094,11/01/17 03:00:00 AM,7.444,90.868,,,,
2095,11/01/17 03:30:00 AM,7.519,91.040,,,,
2096,11/01/17 04:00:00 AM,7.343,91.937,,,,
2097,11/01/17 04:30:00 AM,7.217,92.082,,,,
2098,11/01/17 05:00:00 AM,7.343,92.216,,,,
2099,11/01/17 05:30:00 AM,7.393,92.962,,,,
2100,11/01/17 06:00:00 AM,7.242,93.200,,,,
2101,11/01/17 06:30:00 AM,7.192,93.112,,,,
2102,11/01/17 07:00:00 AM,7.318,94.201,,,,
2103,11/01/17 07:30:00 AM,8.369,94.128,,,,
2104,11/01/17 08:00:00 AM,10.173,87.718,,,,
2105,11/01/17 08:30:00 AM,11.029,88.818,,,,
2106,11/01/17 09:00:00 AM,12.437,83.599,,,,
2107,11/01/17 09:30:00 AM,14.912,74.127,,,,
2108,11/01/17 10:00:00 AM,15.557,70.023,,,,
2109,11/01/17 10:30:00 AM,17.058,61.625,,,,
2110,11/01/17 11:00:00 AM,18.176,55.166,,,,
2111,11/01/17 11:30:00 AM,19.888,49.473,,,,
2112,11/01/17 12:00:00 PM,19.080,50.993,,,,
2113,11/01/17 12:30:00 PM,19.222,49.918,,,,
2114,11/01/17 01:00:00 PM,19.365,49.686,,,,
2115,11/01/17 01:30:00 PM,19.603,50.219,,,,
2116,11/01/17 02:00:00 PM,20.055,49.683,,,,
2117,11/01/17 02:30:00 PM,20.055,49.715,,,,
2118,11/01/17 03:00:00 PM,19.127,49.905,,,,
2119,11/01/17 03:30:00 PM,18.604,51.302,,,,
2120,11/01/17 04:00:00 PM,17.391,54.038,,,,
2121,11/01/17 04:30:00 PM,16.868,55.828,,,,
2122,11/01/17 05:00:00 PM,15.915,59.433,,,,
2123,11/01/17 05:30:00 PM,15.103,62.046,,,,
2124,11/01/17 06:00:00 PM,14.553,64.489,,,,
2125,11/01/17 06:30:00 PM,13.930,68.076,,,,
2126,11/01/17 07:00:00 PM,13.497,70.380,,,,
2127,11/01/17 07:30:00 PM,13.040,71.660,,,,
2128,11/01/17 08:00:00 PM,11.856,74.719,,,,
2129,11/01/17 08:30:00 PM,10.590,78.436,,,,
2130,11/01/17 09:00:00 PM,10.026,80.707,,,,
2131,11/01/17 09:30:00 PM,9.657,81.944,,,,
2132,11/01/17 10:00:00 PM,9.410,82.532,,,,
2133,11/01/17 10:30:00 PM,9.213,83.926,,,,
2134,11/01/17 11:00:00 PM,8.965,86.220,,,,
2135,11/01/17 11:30:00 PM,8.891,85.623,,,,
2136,11/02/17 12:00:00 AM,8.543,87.218,,,,
2137,11/02/17 12:30:00 AM,8.070,87.571,,,,
2138,11/02/17 01:00:00 AM,7.870,89.153,,,,
2139,11/02/17 01:30:00 AM,7.770,89.566,,,,
2140,11/02/17 02:00:00 AM,7.695,89.907,,,,
2141,11/02/17 02:30:00 AM,7.519,90.222,,,,
2142,11/02/17 03:00:00 AM,7.368,92.019,,,,
2143,11/02/17 03:30:00 AM,8.568,95.664,,,,
2144,11/02/17 04:00:00 AM,9.188,95.479,,,,
2145,11/02/17 04:30:00 AM,9.040,94.482,,,,
2146,11/02/17 05:00:00 AM,9.213,94.275,,,,
2147,11/02/17 05:30:00 AM,9.139,94.103,,,,
2148,11/02/17 06:00:00 AM,9.064,94.463,,,,
2149,11/02/17 06:30:00 AM,9.262,94.541,,,,
2150,11/02/17 07:00:00 AM,9.632,94.158,,,,
2151,11/02/17 07:30:00 AM,10.198,93.211,,,,
2152,11/02/17 08:00:00 AM,11.127,91.056,,,,
2153,11/02/17 08:30:00 AM,12.461,85.965,,,,
2154,11/02/17 09:00:00 AM,13.954,76.072,,,,
2155,11/02/17 09:30:00 AM,13.546,78.602,,,,
2156,11/02/17 10:00:00 AM,15.055,71.422,,,,
2157,11/02/17 10:30:00 AM,15.342,68.972,,,,
2158,11/02/17 11:00:00 AM,16.415,64.606,,,,
2159,11/02/17 11:30:00 AM,15.533,67.760,,,,
2160,11/02/17 12:00:00 PM,15.748,66.954,,,,
2161,11/02/17 12:30:00 PM,16.034,62.795,,,,
2162,11/02/17 01:00:00 PM,16.082,62.922,,,,
2163,11/02/17 01:30:00 PM,16.201,63.475,,,,
2164,11/02/17 02:00:00 PM,16.558,62.110,,,,
2165,11/02/17 02:30:00 PM,16.320,63.969,,,,
2166,11/02/17 03:00:00 PM,16.106,61.468,,,,
2167,11/02/17 03:30:00 PM,16.368,59.325,,,,
2168,11/02/17 04:00:00 PM,17.130,53.632,,,,
2169,11/02/17 04:30:00 PM,15.939,57.085,,,,
2170,11/02/17 05:00:00 PM,15.008,63.332,,,,
2171,11/02/17 05:30:00 PM,14.170,69.848,,,,
2172,11/02/17 06:00:00 PM,13.666,73.482,,,,
2173,11/02/17 06:30:00 PM,13.257,76.179,,,,
2174,11/02/17 07:00:00 PM,12.944,77.421,,,,
2175,11/02/17 07:30:00 PM,13.112,76.790,,,,
2176,11/02/17 08:00:00 PM,13.064,74.909,,,,
2177,11/02/17 08:30:00 PM,12.147,78.137,,,,
2178,11/02/17 09:00:00 PM,12.025,76.702,,,,
2179,11/02/17 09:30:00 PM,11.492,77.281,,,,
2180,11/02/17 10:00:00 PM,11.029,77.844,,,,
2181,11/02/17 10:30:00 PM,10.907,77.901,,,,
2182,11/02/17 11:00:00 PM,11.078,78.623,,,,
2183,11/02/17 11:30:00 PM,10.810,80.175,,,,
2184,11/03/17 12:00:00 AM,11.127,79.563,,,,
2185,11/03/17 12:30:00 AM,11.637,76.371,,,,
2186,11/03/17 01:00:00 AM,12.050,75.428,,,,
2187,11/03/17 01:30:00 AM,11.759,76.729,,,,
2188,11/03/17 02:00:00 AM,11.953,76.465,,,,
2189,11/03/17 02:30:00 AM,12.703,76.232,,,,
2190,11/03/17 03:00:00 AM,12.871,78.071,,,,
2191,11/03/17 03:30:00 AM,12.703,78.035,,,,
2192,11/03/17 04:00:00 AM,12.678,79.050,,,,
2193,11/03/17 04:30:00 AM,12.678,79.517,,,,
2194,11/03/17 05:00:00 AM,12.799,79.900,,,,
2195,11/03/17 05:30:00 AM,12.630,82.182,,,,
2196,11/03/17 06:00:00 AM,12.630,83.536,,,,
2197,11/03/17 06:30:00 AM,12.461,84.439,,,,
2198,11/03/17 07:00:00 AM,12.316,85.530,,,,
2199,11/03/17 07:30:00 AM,12.437,86.066,,,,
2200,11/03/17 08:00:00 AM,12.775,85.852,,,,
2201,11/03/17 08:30:00 AM,12.847,84.985,,,,
2202,11/03/17 09:00:00 AM,12.485,88.121,,,,
2203,11/03/17 09:30:00 AM,12.025,91.880,,,,
2204,11/03/17 10:00:00 AM,11.953,94.334,,,,
2205,11/03/17 10:30:00 AM,11.807,95.978,,,,
2206,11/03/17 11:00:00 AM,11.832,97.275,,,,
2207,11/03/17 11:30:00 AM,12.074,97.467,,,,
2208,11/03/17 12:00:00 PM,12.147,97.537,,,,
2209,11/03/17 12:30:00 PM,12.582,96.997,,,,
2210,11/03/17 01:00:00 PM,12.606,95.886,,,,
2211,11/03/17 01:30:00 PM,12.871,95.548,,,,
2212,11/03/17 02:00:00 PM,12.847,95.746,,,,
2213,11/03/17 02:30:00 PM,13.137,95.055,,,,
2214,11/03/17 03:00:00 PM,13.401,94.224,,,,
2215,11/03/17 03:30:00 PM,13.209,91.713,,,,
2216,11/03/17 04:00:00 PM,12.944,90.863,,,,
2217,11/03/17 04:30:00 PM,12.871,90.688,,,,
2218,11/03/17 05:00:00 PM,12.678,90.378,,,,
2219,11/03/17 05:30:00 PM,12.292,91.168,,,,
2220,11/03/17 06:00:00 PM,12.098,93.525,,,,
2221,11/03/17 06:30:00 PM,11.734,95.705,,,,
2222,11/03/17 07:00:00 PM,11.759,96.598,,,,
2223,11/03/17 07:30:00 PM,11.880,97.767,,,,
2224,11/03/17 08:00:00 PM,12.171,98.349,,,,
2225,11/03/17 08:30:00 PM,12.413,98.792,,,,
2226,11/03/17 09:00:00 PM,12.534,98.851,,,,
2227,11/03/17 09:30:00 PM,12.534,98.851,,,,
2228,11/03/17 10:00:00 PM,12.558,99.058,,,,
2229,11/03/17 10:30:00 PM,12.389,99.287,,,,
2230,11/03/17 11:00:00 PM,12.340,99.748,,,,
2231,11/03/17 11:30:00 PM,12.195,99.608,,,,
2232,11/04/17 12:00:00 AM,12.147,99.794,,,,
2233,11/04/17 12:30:00 AM,12.074,99.774,,,,
2234,11/04/17 01:00:00 AM,11.880,99.968,,,,
2235,11/04/17 01:30:00 AM,11.832,100.000,,,,
2236,11/04/17 02:00:00 AM,11.856,100.000,,,,
2237,11/04/17 02:30:00 AM,11.200,98.832,,,,
2238,11/04/17 03:00:00 AM,9.903,100.000,,,,
2239,11/04/17 03:30:00 AM,9.583,100.000,,,,
2240,11/04/17 04:00:00 AM,9.460,100.000,,,,
2241,11/04/17 04:30:00 AM,9.410,100.000,,,,
2242,11/04/17 05:00:00 AM,9.460,100.000,,,,
2243,11/04/17 05:30:00 AM,9.460,100.000,,,,
2244,11/04/17 06:00:00 AM,9.361,100.000,,,,
2245,11/04/17 06:30:00 AM,9.287,100.000,,,,
2246,11/04/17 07:00:00 AM,9.089,100.000,,,,
2247,11/04/17 07:30:00 AM,9.163,100.000,,,,
2248,11/04/17 08:00:00 AM,9.238,100.000,,,,
2249,11/04/17 08:30:00 AM,9.336,99.626,,,,
2250,11/04/17 09:00:00 AM,9.706,99.162,,,,
2251,11/04/17 09:30:00 AM,9.977,98.791,,,,
2252,11/04/17 10:00:00 AM,10.492,97.638,,,,
2253,11/04/17 10:30:00 AM,11.492,92.003,,,,
2254,11/04/17 11:00:00 AM,12.050,83.672,,,,
2255,11/04/17 11:30:00 AM,12.147,78.165,,,,
2256,11/04/17 12:00:00 PM,12.703,76.065,,,,
2257,11/04/17 12:30:00 PM,13.930,61.288,,,,
2258,11/04/17 01:00:00 PM,13.281,65.610,,,,
2259,11/04/17 01:30:00 PM,13.161,62.282,,,,
2260,11/04/17 02:00:00 PM,12.992,61.547,,,,
2261,11/04/17 02:30:00 PM,13.497,60.060,,,,
2262,11/04/17 03:00:00 PM,12.751,59.583,,,,
2263,11/04/17 03:30:00 PM,12.389,60.177,,,,
2264,11/04/17 04:00:00 PM,12.147,58.059,,,,
2265,11/04/17 04:30:00 PM,11.637,58.484,,,,
2266,11/04/17 05:00:00 PM,10.761,61.381,,,,
2267,11/04/17 05:30:00 PM,9.657,71.537,,,,
2268,11/04/17 06:00:00 PM,9.114,65.676,,,,
2269,11/04/17 06:30:00 PM,8.618,65.530,,,,
2270,11/04/17 07:00:00 PM,8.245,65.549,,,,
2271,11/04/17 07:30:00 PM,7.820,66.641,,,,
2272,11/04/17 08:00:00 PM,7.419,69.363,,,,
2273,11/04/17 08:30:00 PM,7.015,73.321,,,,
2274,11/04/17 09:00:00 PM,6.408,77.969,,,,
2275,11/04/17 09:30:00 PM,5.898,83.209,,,,
2276,11/04/17 10:00:00 PM,5.745,84.615,,,,
2277,11/04/17 10:30:00 PM,5.719,85.858,,,,
2278,11/04/17 11:00:00 PM,5.668,87.140,,,,
2279,11/04/17 11:30:00 PM,5.179,89.223,,,,
2280,11/05/17 12:00:00 AM,4.376,92.098,,,,
2281,11/05/17 12:30:00 AM,3.749,93.526,,,,
2282,11/05/17 01:00:00 AM,3.485,94.641,,,,
2283,11/05/17 01:30:00 AM,3.354,95.488,,,,
2284,11/05/17 02:00:00 AM,3.248,96.192,,,,
2285,11/05/17 02:30:00 AM,3.036,96.571,,,,
2286,11/05/17 03:00:00 AM,2.983,97.042,,,,
2287,11/05/17 03:30:00 AM,2.983,97.574,,,,
2288,11/05/17 04:00:00 AM,2.930,97.800,,,,
2289,11/05/17 04:30:00 AM,2.877,97.930,,,,
2290,11/05/17 05:00:00 AM,2.584,98.016,,,,
2291,11/05/17 05:30:00 AM,2.690,98.455,,,,
2292,11/05/17 06:00:00 AM,2.690,98.599,,,,
2293,11/05/17 06:30:00 AM,2.717,98.822,,,,
2294,11/05/17 07:00:00 AM,2.717,99.085,,,,
2295,11/05/17 07:30:00 AM,3.063,99.471,,,,
2296,11/05/17 08:00:00 AM,4.402,98.892,,,,
2297,11/05/17 08:30:00 AM,5.360,96.700,,,,
2298,11/05/17 09:00:00 AM,6.077,93.196,,,,
2299,11/05/17 09:30:00 AM,7.419,82.477,,,,
2300,11/05/17 10:00:00 AM,8.469,79.227,,,,
2301,11/05/17 10:30:00 AM,9.213,73.376,,,,
2302,11/05/17 11:00:00 AM,10.247,65.217,,,,
2303,11/05/17 11:30:00 AM,11.759,61.430,,,,
2304,11/05/17 12:00:00 PM,12.485,61.904,,,,
2305,11/05/17 12:30:00 PM,13.449,58.234,,,,
2306,11/05/17 01:00:00 PM,13.930,56.447,,,,
2307,11/05/17 01:30:00 PM,13.570,54.942,,,,
2308,11/05/17 02:00:00 PM,14.888,52.667,,,,
2309,11/05/17 02:30:00 PM,16.129,49.630,,,,
2310,11/05/17 03:00:00 PM,15.843,52.588,,,,
2311,11/05/17 03:30:00 PM,14.481,57.976,,,,
2312,11/05/17 04:00:00 PM,13.353,62.874,,,,
2313,11/05/17 04:30:00 PM,12.799,66.742,,,,
2314,11/05/17 05:00:00 PM,12.558,70.998,,,,
2315,11/05/17 05:30:00 PM,12.050,71.014,,,,
2316,11/05/17 06:00:00 PM,11.467,74.277,,,,
2317,11/05/17 06:30:00 PM,11.151,77.071,,,,
2318,11/05/17 07:00:00 PM,10.907,78.915,,,,
2319,11/05/17 07:30:00 PM,10.638,82.731,,,,
2320,11/05/17 08:00:00 PM,10.394,84.973,,,,
2321,11/05/17 08:30:00 PM,10.271,86.743,,,,
2322,11/05/17 09:00:00 PM,10.100,87.622,,,,
2323,11/05/17 09:30:00 PM,9.706,89.481,,,,
2324,11/05/17 10:00:00 PM,9.089,90.619,,,,
2325,11/05/17 10:30:00 PM,8.916,92.062,,,,
2326,11/05/17 11:00:00 PM,9.015,93.564,,,,
2327,11/05/17 11:30:00 PM,9.262,93.680,,,,
2328,11/06/17 12:00:00 AM,9.657,92.866,,,,
2329,11/06/17 12:30:00 AM,9.608,93.007,,,,
2330,11/06/17 01:00:00 AM,9.139,93.546,,,,
2331,11/06/17 01:30:00 AM,8.866,94.638,,,,
2332,11/06/17 02:00:00 AM,8.941,95.413,,,,
2333,11/06/17 02:30:00 AM,9.064,95.043,,,,
2334,11/06/17 03:00:00 AM,8.817,95.630,,,,
2335,11/06/17 03:30:00 AM,8.568,95.764,,,,
2336,11/06/17 04:00:00 AM,8.568,96.114,,,,
2337,11/06/17 04:30:00 AM,8.319,96.371,,,,
2338,11/06/17 05:00:00 AM,7.770,96.794,,,,
2339,11/06/17 05:30:00 AM,7.444,97.101,,,,
2340,11/06/17 06:00:00 AM,7.041,97.286,,,,
2341,11/06/17 06:30:00 AM,7.544,98.140,,,,
2342,11/06/17 07:00:00 AM,7.393,97.926,,,,
2343,11/06/17 07:30:00 AM,6.914,98.333,,,,
2344,11/06/17 08:00:00 AM,7.393,98.368,,,,
2345,11/06/17 08:30:00 AM,8.593,96.745,,,,
2346,11/06/17 09:00:00 AM,9.064,92.049,,,,
2347,11/06/17 09:30:00 AM,10.590,85.125,,,,
2348,11/06/17 10:00:00 AM,12.292,77.367,,,,
2349,11/06/17 10:30:00 AM,13.161,71.000,,,,
2350,11/06/17 11:00:00 AM,13.594,55.792,,,,
2351,11/06/17 11:30:00 AM,12.461,66.219,,,,
2352,11/06/17 12:00:00 PM,14.218,52.052,,,,
2353,11/06/17 12:30:00 PM,15.843,47.536,,,,
2354,11/06/17 01:00:00 PM,16.272,45.078,,,,
2355,11/06/17 01:30:00 PM,15.509,47.525,,,,
2356,11/06/17 02:00:00 PM,16.392,45.943,,,,
2357,11/06/17 02:30:00 PM,16.987,41.542,,,,
2358,11/06/17 03:00:00 PM,15.533,46.370,,,,
2359,11/06/17 03:30:00 PM,14.505,55.536,,,,
2360,11/06/17 04:00:00 PM,15.008,57.003,,,,
2361,11/06/17 04:30:00 PM,14.146,54.573,,,,
2362,11/06/17 05:00:00 PM,12.630,59.177,,,,
2363,11/06/17 05:30:00 PM,11.346,65.932,,,,
2364,11/06/17 06:00:00 PM,10.051,71.164,,,,
2365,11/06/17 06:30:00 PM,8.767,77.744,,,,
2366,11/06/17 07:00:00 PM,8.070,82.173,,,,
2367,11/06/17 07:30:00 PM,7.870,82.899,,,,
2368,11/06/17 08:00:00 PM,8.170,81.795,,,,
2369,11/06/17 08:30:00 PM,7.720,83.289,,,,
2370,11/06/17 09:00:00 PM,7.116,86.923,,,,
2371,11/06/17 09:30:00 PM,6.687,88.370,,,,
2372,11/06/17 10:00:00 PM,6.382,89.654,,,,
2373,11/06/17 10:30:00 PM,6.230,90.507,,,,
2374,11/06/17 11:00:00 PM,6.051,90.462,,,,
2375,11/06/17 11:30:00 PM,5.668,91.579,,,,
2376,11/07/17 12:00:00 AM,6.255,91.984,,,,
2377,11/07/17 12:30:00 AM,5.949,90.944,,,,
2378,11/07/17 01:00:00 AM,6.204,89.736,,,,
2379,11/07/17 01:30:00 AM,5.770,89.219,,,,
2380,11/07/17 02:00:00 AM,5.462,89.575,,,,
2381,11/07/17 02:30:00 AM,5.872,90.899,,,,
2382,11/07/17 03:00:00 AM,8.020,79.561,,,,
2383,11/07/17 03:30:00 AM,7.444,81.791,,,,
2384,11/07/17 04:00:00 AM,6.636,83.223,,,,
2385,11/07/17 04:30:00 AM,5.154,89.675,,,,
2386,11/07/17 05:00:00 AM,6.535,87.455,,,,
2387,11/07/17 05:30:00 AM,7.720,77.302,,,,
2388,11/07/17 06:00:00 AM,7.368,77.417,,,,
2389,11/07/17 06:30:00 AM,7.167,77.727,,,,
2390,11/07/17 07:00:00 AM,6.408,82.510,,,,
2391,11/07/17 07:30:00 AM,8.319,73.778,,,,
2392,11/07/17 08:00:00 AM,6.636,81.767,,,,
2393,11/07/17 08:30:00 AM,10.198,68.275,,,,
2394,11/07/17 09:00:00 AM,12.050,61.184,,,,
2395,11/07/17 09:30:00 AM,14.122,52.711,,,,
2396,11/07/17 10:00:00 AM,15.008,50.747,,,,
2397,11/07/17 10:30:00 AM,15.390,47.603,,,,
2398,11/07/17 11:00:00 AM,16.534,43.908,,,,
2399,11/07/17 11:30:00 AM,17.011,42.247,,,,
2400,11/07/17 12:00:00 PM,17.034,41.228,,,,
2401,11/07/17 12:30:00 PM,17.772,40.476,,,,
2402,11/07/17 01:00:00 PM,17.486,42.685,,,,
2403,11/07/17 01:30:00 PM,17.891,39.329,,,,
2404,11/07/17 02:00:00 PM,18.866,39.175,,,,
2405,11/07/17 02:30:00 PM,19.341,36.949,,,,
2406,11/07/17 03:00:00 PM,18.604,37.136,,,,
2407,11/07/17 03:30:00 PM,18.414,40.160,,,,
2408,11/07/17 04:00:00 PM,17.605,42.156,,,,
2409,11/07/17 04:30:00 PM,16.153,49.820,,,,
2410,11/07/17 05:00:00 PM,13.137,62.160,,,,
2411,11/07/17 05:30:00 PM,11.516,69.063,,,,
2412,11/07/17 06:00:00 PM,11.394,66.345,,,,
2413,11/07/17 06:30:00 PM,12.340,59.546,,,,
2414,11/07/17 07:00:00 PM,10.736,69.996,,,,
2415,11/07/17 07:30:00 PM,9.879,73.649,,,,
2416,11/07/17 08:00:00 PM,9.805,73.077,,,,
2417,11/07/17 08:30:00 PM,9.608,73.650,,,,
2418,11/07/17 09:00:00 PM,10.590,68.376,,,,
2419,11/07/17 09:30:00 PM,10.296,70.591,,,,
2420,11/07/17 10:00:00 PM,9.854,72.416,,,,
2421,11/07/17 10:30:00 PM,10.173,68.896,,,,
2422,11/07/17 11:00:00 PM,9.262,71.991,,,,
2423,11/07/17 11:30:00 PM,10.492,69.354,,,,
2424,11/08/17 12:00:00 AM,10.296,70.704,,,,
2425,11/08/17 12:30:00 AM,9.386,77.795,,,,
2426,11/08/17 01:00:00 AM,8.841,80.767,,,,
2427,11/08/17 01:30:00 AM,8.841,82.108,,,,
2428,11/08/17 02:00:00 AM,8.369,83.545,,,,
2429,11/08/17 02:30:00 AM,8.469,84.785,,,,
2430,11/08/17 03:00:00 AM,8.245,85.627,,,,
2431,11/08/17 03:30:00 AM,8.841,82.295,,,,
2432,11/08/17 04:00:00 AM,9.632,76.998,,,,
2433,11/08/17 04:30:00 AM,9.928,76.676,,,,
2434,11/08/17 05:00:00 AM,10.051,80.279,,,,
2435,11/08/17 05:30:00 AM,10.247,80.647,,,,
2436,11/08/17 06:00:00 AM,10.296,81.010,,,,
2437,11/08/17 06:30:00 AM,10.443,80.637,,,,
2438,11/08/17 07:00:00 AM,10.687,80.799,,,,
2439,11/08/17 07:30:00 AM,10.247,80.431,,,,
2440,11/08/17 08:00:00 AM,9.879,84.108,,,,
2441,11/08/17 08:30:00 AM,10.001,83.416,,,,
2442,11/08/17 09:00:00 AM,10.124,86.497,,,,
2443,11/08/17 09:30:00 AM,10.149,89.747,,,,
2444,11/08/17 10:00:00 AM,10.075,90.429,,,,
2445,11/08/17 10:30:00 AM,10.051,90.810,,,,
2446,11/08/17 11:00:00 AM,10.834,89.996,,,,
2447,11/08/17 11:30:00 AM,11.662,85.643,,,,
2448,11/08/17 12:00:00 PM,12.389,82.968,,,,
2449,11/08/17 12:30:00 PM,12.340,86.017,,,,
2450,11/08/17 01:00:00 PM,12.219,87.422,,,,
2451,11/08/17 01:30:00 PM,12.268,87.487,,,,
2452,11/08/17 02:00:00 PM,12.074,89.547,,,,
2453,11/08/17 02:30:00 PM,12.074,90.671,,,,
2454,11/08/17 03:00:00 PM,12.171,91.190,,,,
2455,11/08/17 03:30:00 PM,11.904,93.449,,,,
2456,11/08/17 04:00:00 PM,11.710,95.138,,,,
2457,11/08/17 04:30:00 PM,11.516,96.811,,,,
2458,11/08/17 05:00:00 PM,11.929,97.931,,,,
2459,11/08/17 05:30:00 PM,12.268,98.401,,,,
2460,11/08/17 06:00:00 PM,12.340,98.797,,,,
2461,11/08/17 06:30:00 PM,12.654,99.611,,,,
2462,11/08/17 07:00:00 PM,12.944,99.666,,,,
2463,11/08/17 07:30:00 PM,13.040,99.968,,,,
2464,11/08/17 08:00:00 PM,13.161,100.000,,,,
2465,11/08/17 08:30:00 PM,13.233,100.000,,,,
2466,11/08/17 09:00:00 PM,13.161,100.000,,,,
2467,11/08/17 09:30:00 PM,13.064,100.000,,,,
2468,11/08/17 10:00:00 PM,13.040,100.000,,,,
2469,11/08/17 10:30:00 PM,13.040,100.000,,,,
2470,11/08/17 11:00:00 PM,13.016,100.000,,,,
2471,11/08/17 11:30:00 PM,13.064,100.000,,,,
2472,11/09/17 12:00:00 AM,12.896,100.000,,,,
2473,11/09/17 12:30:00 AM,12.920,100.000,,,,
2474,11/09/17 01:00:00 AM,12.968,100.000,,,,
2475,11/09/17 01:30:00 AM,12.847,100.000,,,,
2476,11/09/17 02:00:00 AM,12.703,100.000,,,,
2477,11/09/17 02:30:00 AM,12.703,100.000,,,,
2478,11/09/17 03:00:00 AM,12.678,100.000,,,,
2479,11/09/17 03:30:00 AM,12.461,100.000,,,,
2480,11/09/17 04:00:00 AM,12.268,100.000,,,,
2481,11/09/17 04:30:00 AM,12.219,100.000,,,,
2482,11/09/17 05:00:00 AM,12.098,100.000,,,,
2483,11/09/17 05:30:00 AM,12.147,100.000,,,,
2484,11/09/17 06:00:00 AM,12.171,100.000,,,,
2485,11/09/17 06:30:00 AM,12.001,100.000,,,,
2486,11/09/17 07:00:00 AM,11.953,100.000,,,,
2487,11/09/17 07:30:00 AM,11.929,100.000,,,,
2488,11/09/17 08:00:00 AM,12.001,100.000,,,,
2489,11/09/17 08:30:00 AM,12.195,100.000,,,,
2490,11/09/17 09:00:00 AM,12.630,100.000,,,,
2491,11/09/17 09:30:00 AM,13.305,100.000,,,,
2492,11/09/17 10:00:00 AM,13.618,100.000,,,,
2493,11/09/17 10:30:00 AM,13.762,100.000,,,,
2494,11/09/17 11:00:00 AM,13.954,100.000,,,,
2495,11/09/17 11:30:00 AM,14.505,98.838,,,,
2496,11/09/17 12:00:00 PM,14.553,97.428,,,,
2497,11/09/17 12:30:00 PM,15.724,81.173,,,,
2498,11/09/17 01:00:00 PM,15.676,76.567,,,,
2499,11/09/17 01:30:00 PM,16.058,75.603,,,,
2500,11/09/17 02:00:00 PM,15.533,76.650,,,,
2501,11/09/17 02:30:00 PM,15.438,77.471,,,,
2502,11/09/17 03:00:00 PM,15.223,74.783,,,,
2503,11/09/17 03:30:00 PM,14.984,78.158,,,,
2504,11/09/17 04:00:00 PM,14.529,81.871,,,,
2505,11/09/17 04:30:00 PM,13.497,87.889,,,,
2506,11/09/17 05:00:00 PM,12.799,94.505,,,,
2507,11/09/17 05:30:00 PM,12.823,97.063,,,,
2508,11/09/17 06:00:00 PM,12.968,97.406,,,,
2509,11/09/17 06:30:00 PM,13.016,98.329,,,,
2510,11/09/17 07:00:00 PM,13.064,98.745,,,,
2511,11/09/17 07:30:00 PM,12.968,99.146,,,,
2512,11/09/17 08:00:00 PM,12.871,99.496,,,,
2513,11/09/17 08:30:00 PM,12.847,99.689,,,,
2514,11/09/17 09:00:00 PM,12.799,99.651,,,,
2515,11/09/17 09:30:00 PM,12.678,99.692,,,,
2516,11/09/17 10:00:00 PM,12.678,99.892,,,,
2517,11/09/17 10:30:00 PM,12.654,99.836,,,,
2518,11/09/17 11:00:00 PM,12.582,99.865,,,,
2519,11/09/17 11:30:00 PM,12.534,99.927,,,,
2520,11/10/17 12:00:00 AM,12.195,98.456,,,,
2521,11/10/17 12:30:00 AM,12.098,99.131,,,,
2522,11/10/17 01:00:00 AM,12.243,99.721,,,,
2523,11/10/17 01:30:00 AM,12.389,99.836,,,,
2524,11/10/17 02:00:00 AM,12.509,99.745,,,,
2525,11/10/17 02:30:00 AM,12.582,99.390,,,,
2526,11/10/17 03:00:00 AM,12.485,99.639,,,,
2527,11/10/17 03:30:00 AM,12.509,99.745,,,,
2528,11/10/17 04:00:00 AM,12.534,99.402,,,,
2529,11/10/17 04:30:00 AM,12.437,99.225,,,,
2530,11/10/17 05:00:00 AM,12.316,99.417,,,,
2531,11/10/17 05:30:00 AM,12.340,99.823,,,,
2532,11/10/17 06:00:00 AM,12.389,99.911,,,,
2533,11/10/17 06:30:00 AM,12.316,100.000,,,,
2534,11/10/17 07:00:00 AM,12.243,100.000,,,,
2535,11/10/17 07:30:00 AM,12.292,100.000,,,,
2536,11/10/17 08:00:00 AM,12.437,100.000,,,,
2537,11/10/17 08:30:00 AM,12.558,100.000,,,,
2538,11/10/17 09:00:00 AM,12.751,100.000,,,,
2539,11/10/17 09:30:00 AM,13.233,100.000,,,,
2540,11/10/17 10:00:00 AM,13.449,100.000,,,,
2541,11/10/17 10:30:00 AM,13.762,100.000,,,,
2542,11/10/17 11:00:00 AM,14.361,97.223,,,,
2543,11/10/17 11:30:00 AM,14.481,97.102,,,,
2544,11/10/17 12:00:00 PM,14.385,98.247,,,,
2545,11/10/17 12:30:00 PM,14.218,98.810,,,,
2546,11/10/17 01:00:00 PM,14.721,95.214,,,,
2547,11/10/17 01:30:00 PM,14.840,91.338,,,,
2548,11/10/17 02:00:00 PM,14.984,90.530,,,,
2549,11/10/17 02:30:00 PM,14.697,89.984,,,,
2550,11/10/17 03:00:00 PM,15.223,88.999,,,,
2551,11/10/17 03:30:00 PM,15.557,85.914,,,,
2552,11/10/17 04:00:00 PM,15.366,85.058,,,,
2553,11/10/17 04:30:00 PM,14.816,85.579,,,,
2554,11/10/17 05:00:00 PM,13.786,87.000,,,,
2555,11/10/17 05:30:00 PM,13.137,89.652,,,,
2556,11/10/17 06:00:00 PM,12.799,94.402,,,,
2557,11/10/17 06:30:00 PM,12.509,96.420,,,,
2558,11/10/17 07:00:00 PM,12.147,97.461,,,,
2559,11/10/17 07:30:00 PM,12.098,98.178,,,,
2560,11/10/17 08:00:00 PM,12.050,97.964,,,,
2561,11/10/17 08:30:00 PM,11.589,98.239,,,,
2562,11/10/17 09:00:00 PM,10.980,99.120,,,,
2563,11/10/17 09:30:00 PM,10.614,99.515,,,,
2564,11/10/17 10:00:00 PM,10.932,100.000,,,,
2565,11/10/17 10:30:00 PM,11.053,99.836,,,,
2566,11/10/17 11:00:00 PM,10.834,100.000,,,,
2567,11/10/17 11:30:00 PM,10.980,100.000,,,,
2568,11/11/17 12:00:00 AM,11.175,100.000,,,,
2569,11/11/17 12:30:00 AM,11.200,100.000,,,,
2570,11/11/17 01:00:00 AM,11.078,100.000,,,,
2571,11/11/17 01:30:00 AM,10.858,100.000,,,,
2572,11/11/17 02:00:00 AM,10.001,100.000,,,,
2573,11/11/17 02:30:00 AM,9.287,100.000,,,,
2574,11/11/17 03:00:00 AM,8.841,100.000,,,,
2575,11/11/17 03:30:00 AM,8.792,100.000,,,,
2576,11/11/17 04:00:00 AM,9.903,100.000,,,,
2577,11/11/17 04:30:00 AM,10.149,100.000,,,,
2578,11/11/17 05:00:00 AM,10.100,100.000,,,,
2579,11/11/17 05:30:00 AM,9.854,100.000,,,,
2580,11/11/17 06:00:00 AM,9.805,100.000,,,,
2581,11/11/17 06:30:00 AM,9.829,100.000,,,,
2582,11/11/17 07:00:00 AM,9.805,100.000,,,,
2583,11/11/17 07:30:00 AM,9.534,100.000,,,,
2584,11/11/17 08:00:00 AM,9.262,100.000,,,,
2585,11/11/17 08:30:00 AM,9.780,100.000,,,,
2586,11/11/17 09:00:00 AM,9.805,100.000,,,,
2587,11/11/17 09:30:00 AM,9.780,100.000,,,,
2588,11/11/17 10:00:00 AM,10.075,100.000,,,,
2589,11/11/17 10:30:00 AM,10.663,100.000,,,,
2590,11/11/17 11:00:00 AM,11.565,100.000,,,,
2591,11/11/17 11:30:00 AM,13.209,94.997,,,,
2592,11/11/17 12:00:00 PM,13.594,91.966,,,,
2593,11/11/17 12:30:00 PM,14.745,86.558,,,,
2594,11/11/17 01:00:00 PM,15.151,80.109,,,,
2595,11/11/17 01:30:00 PM,15.342,74.241,,,,
2596,11/11/17 02:00:00 PM,15.891,72.699,,,,
2597,11/11/17 02:30:00 PM,16.701,66.275,,,,
2598,11/11/17 03:00:00 PM,16.392,72.368,,,,
2599,11/11/17 03:30:00 PM,16.082,73.222,,,,
2600,11/11/17 04:00:00 PM,15.461,68.936,,,,
2601,11/11/17 04:30:00 PM,14.385,79.805,,,,
2602,11/11/17 05:00:00 PM,13.161,82.111,,,,
2603,11/11/17 05:30:00 PM,12.678,85.321,,,,
2604,11/11/17 06:00:00 PM,12.461,84.197,,,,
2605,11/11/17 06:30:00 PM,12.195,83.301,,,,
2606,11/11/17 07:00:00 PM,10.687,91.049,,,,
2607,11/11/17 07:30:00 PM,9.879,94.451,,,,
2608,11/11/17 08:00:00 PM,9.238,95.944,,,,
2609,11/11/17 08:30:00 PM,8.916,96.608,,,,
2610,11/11/17 09:00:00 PM,8.643,97.728,,,,
2611,11/11/17 09:30:00 PM,8.792,98.215,,,,
2612,11/11/17 10:00:00 PM,8.245,98.803,,,,
2613,11/11/17 10:30:00 PM,8.419,99.245,,,,
2614,11/11/17 11:00:00 PM,8.792,99.596,,,,
2615,11/11/17 11:30:00 PM,9.040,99.469,,,,
2616,11/12/17 12:00:00 AM,9.163,99.799,,,,
2617,11/12/17 12:30:00 AM,9.213,99.567,,,,
2618,11/12/17 01:00:00 AM,9.040,99.715,,,,
2619,11/12/17 01:30:00 AM,8.767,99.785,,,,
2620,11/12/17 02:00:00 AM,8.767,100.000,,,,
2621,11/12/17 02:30:00 AM,8.643,100.000,,,,
2622,11/12/17 03:00:00 AM,8.419,100.000,,,,
2623,11/12/17 03:30:00 AM,8.319,100.000,,,,
2624,11/12/17 04:00:00 AM,8.469,100.000,,,,
2625,11/12/17 04:30:00 AM,8.494,100.000,,,,
2626,11/12/17 05:00:00 AM,8.394,100.000,,,,
2627,11/12/17 05:30:00 AM,8.270,100.000,,,,
2628,11/12/17 06:00:00 AM,7.945,100.000,,,,
2629,11/12/17 06:30:00 AM,8.070,100.000,,,,
2630,11/12/17 07:00:00 AM,8.295,100.000,,,,
2631,11/12/17 07:30:00 AM,8.543,100.000,,,,
2632,11/12/17 08:00:00 AM,8.891,100.000,,,,
2633,11/12/17 08:30:00 AM,9.558,100.000,,,,
2634,11/12/17 09:00:00 AM,10.932,100.000,,,,
2635,11/12/17 09:30:00 AM,11.370,98.304,,,,
2636,11/12/17 10:00:00 AM,11.783,96.984,,,,
2637,11/12/17 10:30:00 AM,12.389,94.807,,,,
2638,11/12/17 11:00:00 AM,11.856,94.667,,,,
2639,11/12/17 11:30:00 AM,12.558,90.348,,,,
2640,11/12/17 12:00:00 PM,12.823,88.415,,,,
2641,11/12/17 12:30:00 PM,13.353,88.067,,,,
2642,11/12/17 01:00:00 PM,13.882,82.437,,,,
2643,11/12/17 01:30:00 PM,13.930,82.229,,,,
2644,11/12/17 02:00:00 PM,14.074,78.076,,,,
2645,11/12/17 02:30:00 PM,14.242,79.166,,,,
2646,11/12/17 03:00:00 PM,14.122,78.142,,,,
2647,11/12/17 03:30:00 PM,14.337,78.743,,,,
2648,11/12/17 04:00:00 PM,13.882,81.590,,,,
2649,11/12/17 04:30:00 PM,13.546,84.960,,,,
2650,11/12/17 05:00:00 PM,12.461,90.898,,,,
2651,11/12/17 05:30:00 PM,12.437,90.997,,,,
2652,11/12/17 06:00:00 PM,12.340,91.076,,,,
2653,11/12/17 06:30:00 PM,11.443,94.277,,,,
2654,11/12/17 07:00:00 PM,11.029,95.719,,,,
2655,11/12/17 07:30:00 PM,11.565,95.456,,,,
2656,11/12/17 08:00:00 PM,11.880,94.469,,,,
2657,11/12/17 08:30:00 PM,11.929,94.584,,,,
2658,11/12/17 09:00:00 PM,11.613,95.138,,,,
2659,11/12/17 09:30:00 PM,11.321,97.915,,,,
2660,11/12/17 10:00:00 PM,11.273,99.052,,,,
2661,11/12/17 10:30:00 PM,11.127,99.956,,,,
2662,11/12/17 11:00:00 PM,11.200,100.000,,,,
2663,11/12/17 11:30:00 PM,11.297,100.000,,,,
2664,11/13/17 12:00:00 AM,11.273,100.000,,,,
2665,11/13/17 12:30:00 AM,11.273,100.000,,,,
2666,11/13/17 01:00:00 AM,11.297,100.000,,,,
2667,11/13/17 01:30:00 AM,11.273,100.000,,,,
2668,11/13/17 02:00:00 AM,11.297,100.000,,,,
2669,11/13/17 02:30:00 AM,11.662,100.000,,,,
2670,11/13/17 03:00:00 AM,11.807,100.000,,,,
2671,11/13/17 03:30:00 AM,12.098,100.000,,,,
2672,11/13/17 04:00:00 AM,12.292,100.000,,,,
2673,11/13/17 04:30:00 AM,12.389,100.000,,,,
2674,11/13/17 05:00:00 AM,12.461,100.000,,,,
2675,11/13/17 05:30:00 AM,12.364,100.000,,,,
2676,11/13/17 06:00:00 AM,12.268,100.000,,,,
2677,11/13/17 06:30:00 AM,12.243,100.000,,,,
2678,11/13/17 07:00:00 AM,12.316,100.000,,,,
2679,11/13/17 07:30:00 AM,12.389,100.000,,,,
2680,11/13/17 08:00:00 AM,12.461,100.000,,,,
2681,11/13/17 08:30:00 AM,12.582,100.000,,,,
2682,11/13/17 09:00:00 AM,12.727,100.000,,,,
2683,11/13/17 09:30:00 AM,12.847,100.000,,,,
2684,11/13/17 10:00:00 AM,12.992,100.000,,,,
2685,11/13/17 10:30:00 AM,12.992,100.000,,,,
2686,11/13/17 11:00:00 AM,13.088,100.000,,,,
2687,11/13/17 11:30:00 AM,13.473,100.000,,,,
2688,11/13/17 12:00:00 PM,13.594,100.000,,,,
2689,11/13/17 12:30:00 PM,13.786,100.000,,,,
2690,11/13/17 01:00:00 PM,13.930,100.000,,,,
2691,11/13/17 01:30:00 PM,13.882,100.000,,,,
2692,11/13/17 02:00:00 PM,13.786,100.000,,,,
2693,11/13/17 02:30:00 PM,13.786,100.000,,,,
2694,11/13/17 03:00:00 PM,13.642,100.000,,,,
2695,11/13/17 03:30:00 PM,13.546,100.000,,,,
2696,11/13/17 04:00:00 PM,13.425,100.000,,,,
2697,11/13/17 04:30:00 PM,13.233,100.000,,,,
2698,11/13/17 05:00:00 PM,12.968,100.000,,,,
2699,11/13/17 05:30:00 PM,12.775,100.000,,,,
2700,11/13/17 06:00:00 PM,12.751,100.000,,,,
2701,11/13/17 06:30:00 PM,12.703,100.000,,,,
2702,11/13/17 07:00:00 PM,12.582,100.000,,,,
2703,11/13/17 07:30:00 PM,12.509,100.000,,,,
2704,11/13/17 08:00:00 PM,12.437,100.000,,,,
2705,11/13/17 08:30:00 PM,12.340,100.000,,,,
2706,11/13/17 09:00:00 PM,12.171,100.000,,,,
2707,11/13/17 09:30:00 PM,11.904,100.000,,,,
2708,11/13/17 10:00:00 PM,11.710,100.000,,,,
2709,11/13/17 10:30:00 PM,11.516,100.000,,,,
2710,11/13/17 11:00:00 PM,11.151,100.000,,,,
2711,11/13/17 11:30:00 PM,10.761,100.000,,,,
2712,11/14/17 12:00:00 AM,10.198,100.000,,,,
2713,11/14/17 12:30:00 AM,10.590,100.000,,,,
2714,11/14/17 01:00:00 AM,10.467,100.000,,,,
2715,11/14/17 01:30:00 AM,10.100,100.000,,,,
2716,11/14/17 02:00:00 AM,9.756,100.000,,,,
2717,11/14/17 02:30:00 AM,8.866,100.000,,,,
2718,11/14/17 03:00:00 AM,8.469,100.000,,,,
2719,11/14/17 03:30:00 AM,7.945,100.000,,,,
2720,11/14/17 04:00:00 AM,7.720,100.000,,,,
2721,11/14/17 04:30:00 AM,7.142,100.000,,,,
2722,11/14/17 05:00:00 AM,7.041,100.000,,,,
2723,11/14/17 05:30:00 AM,6.763,100.000,,,,
2724,11/14/17 06:00:00 AM,6.331,100.000,,,,
2725,11/14/17 06:30:00 AM,6.382,100.000,,,,
2726,11/14/17 07:00:00 AM,6.026,100.000,,,,
2727,11/14/17 07:30:00 AM,6.000,100.000,,,,
2728,11/14/17 08:00:00 AM,6.560,100.000,,,,
2729,11/14/17 08:30:00 AM,8.070,100.000,,,,
2730,11/14/17 09:00:00 AM,8.568,100.000,,,,
2731,11/14/17 09:30:00 AM,9.410,100.000,,,,
2732,11/14/17 10:00:00 AM,10.149,99.681,,,,
2733,11/14/17 10:30:00 AM,11.492,96.046,,,,
2734,11/14/17 11:00:00 AM,11.880,96.175,,,,
2735,11/14/17 11:30:00 AM,12.896,87.665,,,,
2736,11/14/17 12:00:00 PM,13.281,84.009,,,,
2737,11/14/17 12:30:00 PM,14.026,83.068,,,,
2738,11/14/17 01:00:00 PM,14.721,72.271,,,,
2739,11/14/17 01:30:00 PM,14.673,58.966,,,,
2740,11/14/17 02:00:00 PM,15.294,67.600,,,,
2741,11/14/17 02:30:00 PM,15.366,72.111,,,,
2742,11/14/17 03:00:00 PM,14.361,64.016,,,,
2743,11/14/17 03:30:00 PM,13.425,76.521,,,,
2744,11/14/17 04:00:00 PM,12.195,86.674,,,,
2745,11/14/17 04:30:00 PM,11.297,91.333,,,,
2746,11/14/17 05:00:00 PM,10.663,90.939,,,,
2747,11/14/17 05:30:00 PM,9.903,94.787,,,,
2748,11/14/17 06:00:00 PM,9.756,96.184,,,,
2749,11/14/17 06:30:00 PM,9.706,97.223,,,,
2750,11/14/17 07:00:00 PM,9.460,97.306,,,,
2751,11/14/17 07:30:00 PM,9.509,97.618,,,,
2752,11/14/17 08:00:00 PM,9.460,97.853,,,,
2753,11/14/17 08:30:00 PM,9.558,97.532,,,,
2754,11/14/17 09:00:00 PM,9.460,98.747,,,,
2755,11/14/17 09:30:00 PM,9.361,99.066,,,,
2756,11/14/17 10:00:00 PM,9.114,99.046,,,,
2757,11/14/17 10:30:00 PM,9.509,99.280,,,,
2758,11/14/17 11:00:00 PM,9.509,99.305,,,,
2759,11/14/17 11:30:00 PM,9.657,98.057,,,,
2760,11/15/17 12:00:00 AM,9.632,97.951,,,,
2761,11/15/17 12:30:00 AM,9.657,97.783,,,,
2762,11/15/17 01:00:00 AM,9.583,98.161,,,,
2763,11/15/17 01:30:00 AM,9.460,98.573,,,,
2764,11/15/17 02:00:00 AM,9.435,98.542,,,,
2765,11/15/17 02:30:00 AM,9.163,99.602,,,,
2766,11/15/17 03:00:00 AM,9.163,100.000,,,,
2767,11/15/17 03:30:00 AM,9.238,100.000,,,,
2768,11/15/17 04:00:00 AM,9.238,100.000,,,,
2769,11/15/17 04:30:00 AM,9.163,100.000,,,,
2770,11/15/17 05:00:00 AM,9.015,100.000,,,,
2771,11/15/17 05:30:00 AM,8.990,100.000,,,,
2772,11/15/17 06:00:00 AM,8.866,100.000,,,,
2773,11/15/17 06:30:00 AM,8.817,100.000,,,,
2774,11/15/17 07:00:00 AM,8.742,100.000,,,,
2775,11/15/17 07:30:00 AM,8.494,100.000,,,,
2776,11/15/17 08:00:00 AM,8.170,100.000,,,,
2777,11/15/17 08:30:00 AM,8.070,100.000,,,,
2778,11/15/17 09:00:00 AM,7.945,100.000,,,,
2779,11/15/17 09:30:00 AM,7.995,100.000,,,,
2780,11/15/17 10:00:00 AM,8.270,100.000,,,,
2781,11/15/17 10:30:00 AM,8.519,100.000,,,,
2782,11/15/17 11:00:00 AM,8.742,100.000,,,,
2783,11/15/17 11:30:00 AM,8.841,100.000,,,,
2784,11/15/17 12:00:00 PM,8.767,100.000,,,,
2785,11/15/17 12:30:00 PM,9.238,100.000,,,,
2786,11/15/17 01:00:00 PM,9.558,100.000,,,,
2787,11/15/17 01:30:00 PM,9.780,100.000,,,,
2788,11/15/17 02:00:00 PM,10.001,100.000,,,,
2789,11/15/17 02:30:00 PM,10.100,99.791,,,,
2790,11/15/17 03:00:00 PM,10.100,99.816,,,,
2791,11/15/17 03:30:00 PM,9.879,100.000,,,,
2792,11/15/17 04:00:00 PM,9.706,100.000,,,,
2793,11/15/17 04:30:00 PM,9.903,100.000,,,,
2794,11/15/17 05:00:00 PM,10.149,100.000,,,,
2795,11/15/17 05:30:00 PM,10.614,100.000,,,,
2796,11/15/17 06:00:00 PM,11.005,100.000,,,,
2797,11/15/17 06:30:00 PM,11.321,100.000,,,,
2798,11/15/17 07:00:00 PM,11.807,100.000,,,,
2799,11/15/17 07:30:00 PM,12.340,100.000,,,,
2800,11/15/17 08:00:00 PM,12.871,100.000,,,,
2801,11/15/17 08:30:00 PM,13.040,100.000,,,,
2802,11/15/17 09:00:00 PM,12.944,100.000,,,,
2803,11/15/17 09:30:00 PM,12.871,100.000,,,,
2804,11/15/17 10:00:00 PM,12.606,100.000,,,,
2805,11/15/17 10:30:00 PM,12.509,100.000,,,,
2806,11/15/17 11:00:00 PM,12.413,100.000,,,,
2807,11/15/17 11:30:00 PM,12.195,100.000,,,,
2808,11/16/17 12:00:00 AM,12.098,100.000,,,,
2809,11/16/17 12:30:00 AM,11.880,100.000,,,,
2810,11/16/17 01:00:00 AM,11.807,100.000,,,,
2811,11/16/17 01:30:00 AM,10.932,100.000,,,,
2812,11/16/17 02:00:00 AM,10.712,100.000,,,,
2813,11/16/17 02:30:00 AM,10.565,1.000,,,,
2814,11/16/17 03:00:00 AM,10.516,1.000,,,,
2815,11/16/17 03:30:00 AM,10.492,1.000,,,,
2816,11/16/17 04:00:00 AM,10.369,1.000,,,,
2817,11/16/17 04:30:00 AM,10.345,1.000,,,,
2818,11/16/17 05:00:00 AM,10.247,1.000,,,,
2819,11/16/17 05:30:00 AM,10.345,1.000,,,,
2820,11/16/17 06:00:00 AM,10.198,1.000,,,,
2821,11/16/17 06:30:00 AM,10.149,1.000,,,,
2822,11/16/17 07:00:00 AM,10.124,1.000,,,,
2823,11/16/17 07:30:00 AM,10.124,1.000,,,,
2824,11/16/17 08:00:00 AM,10.394,1.000,,,,
2825,11/16/17 08:30:00 AM,10.443,1.000,,,,
2826,11/16/17 09:00:00 AM,10.443,1.000,,,,
2827,11/16/17 09:30:00 AM,10.516,1.000,,,,
2828,11/16/17 10:00:00 AM,10.541,1.000,,,,
2829,11/16/17 10:30:00 AM,10.883,1.000,,,,
2830,11/16/17 11:00:00 AM,10.980,1.000,,,,
2831,11/16/17 11:30:00 AM,10.834,1.000,,,,
2832,11/16/17 12:00:00 PM,10.956,1.000,,,,
2833,11/16/17 12:30:00 PM,11.005,1.000,,,,
2834,11/16/17 01:00:00 PM,11.273,1.000,,,,
2835,11/16/17 01:30:00 PM,11.321,1.000,,,,
2836,11/16/17 02:00:00 PM,11.540,1.000,,,,
2837,11/16/17 02:30:00 PM,11.613,1.000,,,,
2838,11/16/17 03:00:00 PM,11.807,1.000,,,,
2839,11/16/17 03:30:00 PM,11.904,1.000,,,,
2840,11/16/17 04:00:00 PM,11.759,1.000,,,,
2841,11/16/17 04:30:00 PM,11.492,1.000,,,,
2842,11/16/17 05:00:00 PM,11.175,1.000,,,,
2843,11/16/17 05:30:00 PM,10.980,1.000,,,,
2844,11/16/17 06:00:00 PM,10.834,1.000,,,,
2845,11/16/17 06:30:00 PM,10.736,1.000,,,,
2846,11/16/17 07:00:00 PM,10.687,1.000,,,,
2847,11/16/17 07:30:00 PM,10.541,1.000,,,,
2848,11/16/17 08:00:00 PM,10.271,1.000,,,,
2849,11/16/17 08:30:00 PM,10.075,1.000,,,,
2850,11/16/17 09:00:00 PM,9.977,1.000,,,,
2851,11/16/17 09:30:00 PM,9.879,1.000,,,,
2852,11/16/17 10:00:00 PM,9.805,1.000,,,,
2853,11/16/17 10:30:00 PM,9.657,1.000,,,,
2854,11/16/17 11:00:00 PM,9.558,1.000,,,,
2855,11/16/17 11:30:00 PM,9.460,1.000,,,,
2856,11/17/17 12:00:00 AM,9.312,1.000,,,,
2857,11/17/17 12:30:00 AM,9.015,1.000,,,,
2858,11/17/17 01:00:00 AM,8.916,1.000,,,,
2859,11/17/17 01:30:00 AM,8.643,1.000,,,,
2860,11/17/17 02:00:00 AM,8.593,1.000,,,,
2861,11/17/17 02:30:00 AM,8.369,1.000,,,,
2862,11/17/17 03:00:00 AM,8.145,1.000,,,,
2863,11/17/17 03:30:00 AM,7.795,1.000,,,,
2864,11/17/17 04:00:00 AM,7.645,1.000,,,,
2865,11/17/17 04:30:00 AM,7.217,1.000,,,,
2866,11/17/17 05:00:00 AM,7.066,1.000,,,,
2867,11/17/17 05:30:00 AM,6.509,1.000,,,,
2868,11/17/17 06:00:00 AM,6.179,1.000,,,,
2869,11/17/17 06:30:00 AM,5.847,1.000,,,,
2870,11/17/17 07:00:00 AM,6.458,1.000,,,,
2871,11/17/17 07:30:00 AM,6.509,1.000,,,,
2872,11/17/17 08:00:00 AM,7.116,1.000,,,,
2873,11/17/17 08:30:00 AM,7.820,1.000,,,,
2874,11/17/17 09:00:00 AM,7.695,1.000,,,,
2875,11/17/17 09:30:00 AM,8.668,1.000,,,,
2876,11/17/17 10:00:00 AM,9.361,1.000,,,,
2877,11/17/17 10:30:00 AM,10.418,1.000,,,,
2878,11/17/17 11:00:00 AM,11.273,1.000,,,,
2879,11/17/17 11:30:00 AM,12.364,1.000,,,,
2880,11/17/17 12:00:00 PM,12.799,1.000,,,,
2881,11/17/17 12:30:00 PM,13.642,1.000,,,,
2882,11/17/17 01:00:00 PM,13.954,1.000,,,,
2883,11/17/17 01:30:00 PM,14.361,1.000,,,,
2884,11/17/17 02:00:00 PM,14.649,1.000,,,,
2885,11/17/17 02:30:00 PM,14.984,1.000,,,,
2886,11/17/17 03:00:00 PM,15.247,1.000,,,,
2887,11/17/17 03:30:00 PM,14.098,1.000,,,,
2888,11/17/17 04:00:00 PM,12.871,1.000,,,,
2889,11/17/17 04:30:00 PM,10.932,1.000,,,,
2890,11/17/17 05:00:00 PM,9.089,1.000,,,,
2891,11/17/17 05:30:00 PM,8.220,1.000,,,,
2892,11/17/17 06:00:00 PM,8.817,1.000,,,,
2893,11/17/17 06:30:00 PM,8.444,1.000,,,,
2894,11/17/17 07:00:00 PM,8.170,1.000,,,,
2895,11/17/17 07:30:00 PM,8.419,1.000,,,,
2896,11/17/17 08:00:00 PM,8.717,1.000,,,,
2897,11/17/17 08:30:00 PM,6.585,1.000,,,,
2898,11/17/17 09:00:00 PM,5.821,1.000,,,,
2899,11/17/17 09:30:00 PM,5.975,49.572,,,,
2900,11/17/17 10:00:00 PM,5.591,64.305,,,,
2901,11/17/17 10:30:00 PM,5.565,87.655,,,,
2902,11/17/17 11:00:00 PM,4.818,87.574,,,,
2903,11/17/17 11:30:00 PM,4.688,83.242,,,,
2904,11/18/17 12:00:00 AM,4.740,83.960,,,,
2905,11/18/17 12:30:00 AM,4.714,80.059,,,,
2906,11/18/17 01:00:00 AM,5.128,89.108,,,,
2907,11/18/17 01:30:00 AM,5.102,90.828,,,,
2908,11/18/17 02:00:00 AM,5.154,91.799,,,,
2909,11/18/17 02:30:00 AM,4.869,91.926,,,,
2910,11/18/17 03:00:00 AM,4.584,92.078,,,,
2911,11/18/17 03:30:00 AM,3.906,91.525,,,,
2912,11/18/17 04:00:00 AM,3.301,85.996,,,,
2913,11/18/17 04:30:00 AM,2.823,84.466,,,,
2914,11/18/17 05:00:00 AM,3.009,83.319,,,,
2915,11/18/17 05:30:00 AM,3.116,84.871,,,,
2916,11/18/17 06:00:00 AM,3.089,89.582,,,,
2917,11/18/17 06:30:00 AM,2.557,88.412,,,,
2918,11/18/17 07:00:00 AM,2.797,86.156,,,,
2919,11/18/17 07:30:00 AM,2.877,86.891,,,,
2920,11/18/17 08:00:00 AM,3.722,90.599,,,,
2921,11/18/17 08:30:00 AM,5.179,88.304,,,,
2922,11/18/17 09:00:00 AM,7.444,93.657,,,,
2923,11/18/17 09:30:00 AM,9.657,87.068,,,,
2924,11/18/17 10:00:00 AM,10.467,80.127,,,,
2925,11/18/17 10:30:00 AM,10.858,81.595,,,,
2926,11/18/17 11:00:00 AM,13.064,77.030,,,,
2927,11/18/17 11:30:00 AM,12.413,73.627,,,,
2928,11/18/17 12:00:00 PM,13.497,69.521,,,,
2929,11/18/17 12:30:00 PM,14.529,54.143,,,,
2930,11/18/17 01:00:00 PM,14.936,54.567,,,,
2931,11/18/17 01:30:00 PM,15.652,50.774,,,,
2932,11/18/17 02:00:00 PM,15.963,51.218,,,,
2933,11/18/17 02:30:00 PM,16.511,43.208,,,,
2934,11/18/17 03:00:00 PM,15.748,44.573,,,,
2935,11/18/17 03:30:00 PM,15.079,56.954,,,,
2936,11/18/17 04:00:00 PM,14.194,54.944,,,,
2937,11/18/17 04:30:00 PM,11.565,75.273,,,,
2938,11/18/17 05:00:00 PM,9.879,81.699,,,,
2939,11/18/17 05:30:00 PM,8.891,84.461,,,,
2940,11/18/17 06:00:00 PM,8.369,83.678,,,,
2941,11/18/17 06:30:00 PM,8.145,85.025,,,,
2942,11/18/17 07:00:00 PM,8.020,82.668,,,,
2943,11/18/17 07:30:00 PM,7.594,81.078,,,,
2944,11/18/17 08:00:00 PM,7.192,84.590,,,,
2945,11/18/17 08:30:00 PM,7.091,86.813,,,,
2946,11/18/17 09:00:00 PM,6.636,88.769,,,,
2947,11/18/17 09:30:00 PM,6.560,89.724,,,,
2948,11/18/17 10:00:00 PM,7.419,85.588,,,,
2949,11/18/17 10:30:00 PM,6.636,89.077,,,,
2950,11/18/17 11:00:00 PM,6.382,88.860,,,,
2951,11/18/17 11:30:00 PM,6.230,87.767,,,,
2952,11/19/17 12:00:00 AM,5.128,90.834,,,,
2953,11/19/17 12:30:00 AM,5.693,90.929,,,,
2954,11/19/17 01:00:00 AM,6.255,87.283,,,,
2955,11/19/17 01:30:00 AM,6.128,89.206,,,,
2956,11/19/17 02:00:00 AM,5.693,89.301,,,,
2957,11/19/17 02:30:00 AM,5.102,91.232,,,,
2958,11/19/17 03:00:00 AM,5.076,91.930,,,,
2959,11/19/17 03:30:00 AM,5.282,92.034,,,,
2960,11/19/17 04:00:00 AM,5.282,92.184,,,,
2961,11/19/17 04:30:00 AM,5.437,92.124,,,,
2962,11/19/17 05:00:00 AM,6.153,88.956,,,,
2963,11/19/17 05:30:00 AM,5.719,89.487,,,,
2964,11/19/17 06:00:00 AM,4.792,92.207,,,,
2965,11/19/17 06:30:00 AM,5.179,92.383,,,,
2966,11/19/17 07:00:00 AM,5.076,92.331,,,,
2967,11/19/17 07:30:00 AM,4.688,91.979,,,,
2968,11/19/17 08:00:00 AM,5.642,92.278,,,,
2969,11/19/17 08:30:00 AM,6.661,91.532,,,,
2970,11/19/17 09:00:00 AM,8.270,89.279,,,,
2971,11/19/17 09:30:00 AM,9.139,80.348,,,,
2972,11/19/17 10:00:00 AM,10.785,72.320,,,,
2973,11/19/17 10:30:00 AM,11.807,73.590,,,,
2974,11/19/17 11:00:00 AM,12.558,70.657,,,,
2975,11/19/17 11:30:00 AM,12.678,65.736,,,,
2976,11/19/17 12:00:00 PM,13.834,64.101,,,,
2977,11/19/17 12:30:00 PM,14.457,63.149,,,,
2978,11/19/17 01:00:00 PM,15.127,59.876,,,,
2979,11/19/17 01:30:00 PM,15.127,61.545,,,,
2980,11/19/17 02:00:00 PM,15.151,55.086,,,,
2981,11/19/17 02:30:00 PM,15.342,55.509,,,,
2982,11/19/17 03:00:00 PM,15.008,56.550,,,,
2983,11/19/17 03:30:00 PM,14.457,57.942,,,,
2984,11/19/17 04:00:00 PM,13.690,61.574,,,,
2985,11/19/17 04:30:00 PM,13.209,68.375,,,,
2986,11/19/17 05:00:00 PM,12.147,76.116,,,,
2987,11/19/17 05:30:00 PM,11.029,83.196,,,,
2988,11/19/17 06:00:00 PM,10.687,84.988,,,,
2989,11/19/17 06:30:00 PM,10.834,86.323,,,,
2990,11/19/17 07:00:00 PM,11.005,85.993,,,,
2991,11/19/17 07:30:00 PM,11.053,84.087,,,,
2992,11/19/17 08:00:00 PM,10.736,84.280,,,,
2993,11/19/17 08:30:00 PM,10.956,84.892,,,,
2994,11/19/17 09:00:00 PM,10.834,87.195,,,,
2995,11/19/17 09:30:00 PM,10.492,90.145,,,,
2996,11/19/17 10:00:00 PM,9.805,91.161,,,,
2997,11/19/17 10:30:00 PM,9.534,89.075,,,,
2998,11/19/17 11:00:00 PM,9.361,86.971,,,,
2999,11/19/17 11:30:00 PM,9.336,84.513,,,,
3000,11/20/17 12:00:00 AM,9.262,83.059,,,,
3001,11/20/17 12:30:00 AM,9.287,81.780,,,,
3002,11/20/17 01:00:00 AM,9.336,83.875,,,,
3003,11/20/17 01:30:00 AM,8.990,83.769,,,,
3004,11/20/17 02:00:00 AM,8.990,81.981,,,,
3005,11/20/17 02:30:00 AM,8.965,81.761,,,,
3006,11/20/17 03:00:00 AM,9.015,81.665,,,,
3007,11/20/17 03:30:00 AM,9.015,81.370,,,,
3008,11/20/17 04:00:00 AM,9.139,80.887,,,,
3009,11/20/17 04:30:00 AM,9.188,80.143,,,,
3010,11/20/17 05:00:00 AM,9.238,80.343,,,,
3011,11/20/17 05:30:00 AM,9.262,80.024,,,,
3012,11/20/17 06:00:00 AM,9.163,79.759,,,,
3013,11/20/17 06:30:00 AM,9.361,78.662,,,,
3014,11/20/17 07:00:00 AM,9.854,77.785,,,,
3015,11/20/17 07:30:00 AM,10.100,77.564,,,,
3016,11/20/17 08:00:00 AM,10.369,77.511,,,,
3017,11/20/17 08:30:00 AM,10.614,77.673,,,,
3018,11/20/17 09:00:00 AM,10.712,82.237,,,,
3019,11/20/17 09:30:00 AM,10.883,90.242,,,,
3020,11/20/17 10:00:00 AM,10.980,93.875,,,,
3021,11/20/17 10:30:00 AM,10.932,94.423,,,,
3022,11/20/17 11:00:00 AM,10.590,92.750,,,,
3023,11/20/17 11:30:00 AM,10.638,90.855,,,,
3024,11/20/17 12:00:00 PM,10.980,88.727,,,,
3025,11/20/17 12:30:00 PM,11.297,87.042,,,,
3026,11/20/17 01:00:00 PM,11.516,86.671,,,,
3027,11/20/17 01:30:00 PM,11.540,86.200,,,,
3028,11/20/17 02:00:00 PM,11.637,85.211,,,,
3029,11/20/17 02:30:00 PM,11.783,84.630,,,,
3030,11/20/17 03:00:00 PM,11.565,84.499,,,,
3031,11/20/17 03:30:00 PM,11.565,83.856,,,,
3032,11/20/17 04:00:00 PM,11.565,83.507,,,,
3033,11/20/17 04:30:00 PM,11.492,82.979,,,,
3034,11/20/17 05:00:00 PM,11.321,82.994,,,,
3035,11/20/17 05:30:00 PM,11.321,82.536,,,,
3036,11/20/17 06:00:00 PM,11.370,82.359,,,,
3037,11/20/17 06:30:00 PM,11.565,82.403,,,,
3038,11/20/17 07:00:00 PM,11.734,83.519,,,,
3039,11/20/17 07:30:00 PM,11.734,85.020,,,,
3040,11/20/17 08:00:00 PM,11.832,84.669,,,,
3041,11/20/17 08:30:00 PM,11.904,85.327,,,,
3042,11/20/17 09:00:00 PM,12.074,84.403,,,,
3043,11/20/17 09:30:00 PM,11.856,85.236,,,,
3044,11/20/17 10:00:00 PM,11.832,84.347,,,,
3045,11/20/17 10:30:00 PM,12.122,83.527,,,,
3046,11/20/17 11:00:00 PM,11.953,84.107,,,,
3047,11/20/17 11:30:00 PM,11.929,83.833,,,,
3048,11/21/17 12:00:00 AM,12.098,85.399,,,,
3049,11/21/17 12:30:00 AM,12.050,86.507,,,,
3050,11/21/17 01:00:00 AM,12.001,89.057,,,,
3051,11/21/17 01:30:00 AM,12.654,92.066,,,,
3052,11/21/17 02:00:00 AM,12.437,94.999,,,,
3053,11/21/17 02:30:00 AM,12.437,96.375,,,,
3054,11/21/17 03:00:00 AM,12.025,96.087,,,,
3055,11/21/17 03:30:00 AM,12.074,95.693,,,,
3056,11/21/17 04:00:00 AM,11.929,95.655,,,,
3057,11/21/17 04:30:00 AM,11.953,95.890,,,,
3058,11/21/17 05:00:00 AM,11.856,96.245,,,,
3059,11/21/17 05:30:00 AM,11.662,95.914,,,,
3060,11/21/17 06:00:00 AM,11.662,96.344,,,,
3061,11/21/17 06:30:00 AM,11.589,95.767,,,,
3062,11/21/17 07:00:00 AM,11.419,95.468,,,,
3063,11/21/17 07:30:00 AM,11.273,94.564,,,,
3064,11/21/17 08:00:00 AM,11.273,93.337,,,,
3065,11/21/17 08:30:00 AM,11.102,92.985,,,,
3066,11/21/17 09:00:00 AM,11.200,91.308,,,,
3067,11/21/17 09:30:00 AM,11.273,91.041,,,,
3068,11/21/17 10:00:00 AM,11.419,89.907,,,,
3069,11/21/17 10:30:00 AM,12.340,88.218,,,,
3070,11/21/17 11:00:00 AM,13.834,89.877,,,,
3071,11/21/17 11:30:00 AM,16.439,91.183,,,,
3072,11/21/17 12:00:00 PM,18.533,84.143,,,,
3073,11/21/17 12:30:00 PM,16.606,93.518,,,,
3074,11/21/17 01:00:00 PM,17.225,93.466,,,,
3075,11/21/17 01:30:00 PM,18.129,92.082,,,,
3076,11/21/17 02:00:00 PM,19.865,82.446,,,,
3077,11/21/17 02:30:00 PM,21.079,74.206,,,,
3078,11/21/17 03:00:00 PM,19.532,84.148,,,,
3079,11/21/17 03:30:00 PM,19.103,85.813,,,,
3080,11/21/17 04:00:00 PM,17.843,90.600,,,,
3081,11/21/17 04:30:00 PM,16.939,93.393,,,,
3082,11/21/17 05:00:00 PM,15.867,94.893,,,,
3083,11/21/17 05:30:00 PM,14.984,96.365,,,,
3084,11/21/17 06:00:00 PM,14.529,96.552,,,,
3085,11/21/17 06:30:00 PM,14.194,96.514,,,,
3086,11/21/17 07:00:00 PM,13.882,96.430,,,,
3087,11/21/17 07:30:00 PM,13.738,96.417,,,,
3088,11/21/17 08:00:00 PM,13.594,96.353,,,,
3089,11/21/17 08:30:00 PM,13.473,95.938,,,,
3090,11/21/17 09:00:00 PM,14.026,96.418,,,,
3091,11/21/17 09:30:00 PM,13.425,96.716,,,,
3092,11/21/17 10:00:00 PM,12.871,96.822,,,,
3093,11/21/17 10:30:00 PM,12.775,96.415,,,,
3094,11/21/17 11:00:00 PM,12.558,96.153,,,,
3095,11/21/17 11:30:00 PM,12.219,96.367,,,,
3096,11/22/17 12:00:00 AM,11.977,96.176,,,,
3097,11/22/17 12:30:00 AM,12.050,95.534,,,,
3098,11/22/17 01:00:00 AM,11.807,95.749,,,,
3099,11/22/17 01:30:00 AM,11.807,95.470,,,,
3100,11/22/17 02:00:00 AM,11.516,95.392,,,,
3101,11/22/17 02:30:00 AM,11.734,94.813,,,,
3102,11/22/17 03:00:00 AM,12.292,94.064,,,,
3103,11/22/17 03:30:00 AM,12.147,96.170,,,,
3104,11/22/17 04:00:00 AM,12.025,95.171,,,,
3105,11/22/17 04:30:00 AM,11.637,95.577,,,,
3106,11/22/17 05:00:00 AM,12.001,95.674,,,,
3107,11/22/17 05:30:00 AM,11.248,96.436,,,,
3108,11/22/17 06:00:00 AM,11.151,95.701,,,,
3109,11/22/17 06:30:00 AM,10.956,95.497,,,,
3110,11/22/17 07:00:00 AM,11.078,95.580,,,,
3111,11/22/17 07:30:00 AM,11.005,95.409,,,,
3112,11/22/17 08:00:00 AM,11.419,94.807,,,,
3113,11/22/17 08:30:00 AM,12.147,94.487,,,,
3114,11/22/17 09:00:00 AM,13.112,95.100,,,,
3115,11/22/17 09:30:00 AM,12.364,97.344,,,,
3116,11/22/17 10:00:00 AM,13.088,97.439,,,,
3117,11/22/17 10:30:00 AM,13.161,97.661,,,,
3118,11/22/17 11:00:00 AM,14.673,97.307,,,,
3119,11/22/17 11:30:00 AM,15.891,95.185,,,,
3120,11/22/17 12:00:00 PM,15.652,94.421,,,,
3121,11/22/17 12:30:00 PM,15.629,91.377,,,,
3122,11/22/17 01:00:00 PM,16.368,89.037,,,,
3123,11/22/17 01:30:00 PM,17.463,85.870,,,,
3124,11/22/17 02:00:00 PM,18.913,82.985,,,,
3125,11/22/17 02:30:00 PM,18.557,86.124,,,,
3126,11/22/17 03:00:00 PM,18.176,86.853,,,,
3127,11/22/17 03:30:00 PM,18.176,83.787,,,,
3128,11/22/17 04:00:00 PM,17.605,88.826,,,,
3129,11/22/17 04:30:00 PM,16.915,90.637,,,,
3130,11/22/17 05:00:00 PM,15.748,92.118,,,,
3131,11/22/17 05:30:00 PM,14.553,95.840,,,,
3132,11/22/17 06:00:00 PM,13.930,97.056,,,,
3133,11/22/17 06:30:00 PM,13.906,97.355,,,,
3134,11/22/17 07:00:00 PM,13.714,97.557,,,,
3135,11/22/17 07:30:00 PM,13.690,97.652,,,,
3136,11/22/17 08:00:00 PM,13.570,97.696,,,,
3137,11/22/17 08:30:00 PM,13.546,97.867,,,,
3138,11/22/17 09:00:00 PM,13.161,97.990,,,,
3139,11/22/17 09:30:00 PM,13.377,97.973,,,,
3140,11/22/17 10:00:00 PM,13.305,97.751,,,,
3141,11/22/17 10:30:00 PM,13.353,97.561,,,,
3142,11/22/17 11:00:00 PM,13.209,97.522,,,,
3143,11/22/17 11:30:00 PM,13.522,96.920,,,,
3144,11/23/17 12:00:00 AM,13.401,97.066,,,,
3145,11/23/17 12:30:00 AM,13.522,96.793,,,,
3146,11/23/17 01:00:00 AM,13.112,96.861,,,,
3147,11/23/17 01:30:00 AM,13.810,97.431,,,,
3148,11/23/17 02:00:00 AM,13.233,97.452,,,,
3149,11/23/17 02:30:00 AM,12.703,97.486,,,,
3150,11/23/17 03:00:00 AM,13.040,97.020,,,,
3151,11/23/17 03:30:00 AM,12.558,97.194,,,,
3152,11/23/17 04:00:00 AM,12.920,96.606,,,,
3153,11/23/17 04:30:00 AM,12.799,97.714,,,,
3154,11/23/17 05:00:00 AM,12.389,97.451,,,,
3155,11/23/17 05:30:00 AM,12.437,97.388,,,,
3156,11/23/17 06:00:00 AM,12.775,96.897,,,,
3157,11/23/17 06:30:00 AM,12.775,97.303,,,,
3158,11/23/17 07:00:00 AM,12.799,97.259,,,,
3159,11/23/17 07:30:00 AM,12.871,97.709,,,,
3160,11/23/17 08:00:00 AM,13.329,97.909,,,,
3161,11/23/17 08:30:00 AM,13.978,97.171,,,,
3162,11/23/17 09:00:00 AM,14.409,95.442,,,,
3163,11/23/17 09:30:00 AM,14.864,92.000,,,,
3164,11/23/17 10:00:00 AM,14.840,95.452,,,,
3165,11/23/17 10:30:00 AM,15.247,92.097,,,,
3166,11/23/17 11:00:00 AM,15.843,88.776,,,,
3167,11/23/17 11:30:00 AM,17.106,83.326,,,,
3168,11/23/17 12:00:00 PM,16.844,84.089,,,,
3169,11/23/17 12:30:00 PM,16.582,85.828,,,,
3170,11/23/17 01:00:00 PM,16.415,90.195,,,,
3171,11/23/17 01:30:00 PM,16.677,92.036,,,,
3172,11/23/17 02:00:00 PM,18.200,86.994,,,,
3173,11/23/17 02:30:00 PM,18.390,84.441,,,,
3174,11/23/17 03:00:00 PM,18.509,87.012,,,,
3175,11/23/17 03:30:00 PM,18.224,89.137,,,,
3176,11/23/17 04:00:00 PM,17.510,91.582,,,,
3177,11/23/17 04:30:00 PM,16.844,94.521,,,,
3178,11/23/17 05:00:00 PM,16.225,95.868,,,,
3179,11/23/17 05:30:00 PM,15.700,97.173,,,,
3180,11/23/17 06:00:00 PM,15.342,97.666,,,,
3181,11/23/17 06:30:00 PM,15.151,97.870,,,,
3182,11/23/17 07:00:00 PM,14.697,98.027,,,,
3183,11/23/17 07:30:00 PM,14.553,98.191,,,,
3184,11/23/17 08:00:00 PM,14.361,98.342,,,,
3185,11/23/17 08:30:00 PM,14.026,98.352,,,,
3186,11/23/17 09:00:00 PM,14.218,98.202,,,,
3187,11/23/17 09:30:00 PM,13.906,98.319,,,,
3188,11/23/17 10:00:00 PM,14.050,98.004,,,,
3189,11/23/17 10:30:00 PM,14.026,97.845,,,,
3190,11/23/17 11:00:00 PM,13.810,97.862,,,,
3191,11/23/17 11:30:00 PM,13.762,97.646,,,,
3192,11/24/17 12:00:00 AM,14.122,97.439,,,,
3193,11/24/17 12:30:00 AM,13.690,97.347,,,,
3194,11/24/17 01:00:00 AM,14.026,96.826,,,,
3195,11/24/17 01:30:00 AM,13.618,97.124,,,,
3196,11/24/17 02:00:00 AM,13.570,96.755,,,,
3197,11/24/17 02:30:00 AM,13.449,96.774,,,,
3198,11/24/17 03:00:00 AM,13.329,96.640,,,,
3199,11/24/17 03:30:00 AM,13.257,96.518,,,,
3200,11/24/17 04:00:00 AM,13.040,96.409,,,,
3201,11/24/17 04:30:00 AM,13.064,96.263,,,,
3202,11/24/17 05:00:00 AM,13.329,96.027,,,,
3203,11/24/17 05:30:00 AM,13.209,95.944,,,,
3204,11/24/17 06:00:00 AM,12.871,96.008,,,,
3205,11/24/17 06:30:00 AM,12.292,96.209,,,,
3206,11/24/17 07:00:00 AM,12.122,96.215,,,,
3207,11/24/17 07:30:00 AM,12.147,96.069,,,,
3208,11/24/17 08:00:00 AM,13.233,95.849,,,,
3209,11/24/17 08:30:00 AM,13.522,95.669,,,,
3210,11/24/17 09:00:00 AM,13.522,95.669,,,,
3211,11/24/17 09:30:00 AM,13.546,95.676,,,,
3212,11/24/17 10:00:00 AM,14.601,95.852,,,,
3213,11/24/17 10:30:00 AM,14.697,97.925,,,,
3214,11/24/17 11:00:00 AM,15.151,97.435,,,,
3215,11/24/17 11:30:00 AM,16.749,91.287,,,,
3216,11/24/17 12:00:00 PM,16.368,91.139,,,,
3217,11/24/17 12:30:00 PM,16.415,89.556,,,,
3218,11/24/17 01:00:00 PM,16.796,87.232,,,,
3219,11/24/17 01:30:00 PM,16.963,86.242,,,,
3220,11/24/17 02:00:00 PM,16.868,88.138,,,,
3221,11/24/17 02:30:00 PM,16.915,86.854,,,,
3222,11/24/17 03:00:00 PM,17.344,85.706,,,,
3223,11/24/17 03:30:00 PM,16.844,88.213,,,,
3224,11/24/17 04:00:00 PM,16.225,91.156,,,,
3225,11/24/17 04:30:00 PM,15.748,93.769,,,,
3226,11/24/17 05:00:00 PM,14.888,95.980,,,,
3227,11/24/17 05:30:00 PM,14.385,96.923,,,,
3228,11/24/17 06:00:00 PM,14.146,97.267,,,,
3229,11/24/17 06:30:00 PM,13.954,97.419,,,,
3230,11/24/17 07:00:00 PM,13.642,97.639,,,,
3231,11/24/17 07:30:00 PM,14.050,96.935,,,,
3232,11/24/17 08:00:00 PM,13.497,97.499,,,,
3233,11/24/17 08:30:00 PM,13.594,97.372,,,,
3234,11/24/17 09:00:00 PM,13.666,97.341,,,,
3235,11/24/17 09:30:00 PM,13.353,97.814,,,,
3236,11/24/17 10:00:00 PM,13.112,97.850,,,,
3237,11/24/17 10:30:00 PM,12.944,98.158,,,,
3238,11/24/17 11:00:00 PM,13.016,98.631,,,,
3239,11/24/17 11:30:00 PM,13.040,98.562,,,,
3240,11/25/17 12:00:00 AM,13.209,98.508,,,,
3241,11/25/17 12:30:00 AM,14.792,83.976,,,,
3242,11/25/17 01:00:00 AM,13.690,92.512,,,,
3243,11/25/17 01:30:00 AM,12.968,95.676,,,,
3244,11/25/17 02:00:00 AM,12.871,95.957,,,,
3245,11/25/17 02:30:00 AM,12.703,96.166,,,,
3246,11/25/17 03:00:00 AM,12.847,95.235,,,,
3247,11/25/17 03:30:00 AM,12.171,96.481,,,,
3248,11/25/17 04:00:00 AM,12.437,94.717,,,,
3249,11/25/17 04:30:00 AM,12.268,94.877,,,,
3250,11/25/17 05:00:00 AM,12.630,91.852,,,,
3251,11/25/17 05:30:00 AM,11.734,94.686,,,,
3252,11/25/17 06:00:00 AM,12.364,89.540,,,,
3253,11/25/17 06:30:00 AM,11.734,93.559,,,,
3254,11/25/17 07:00:00 AM,12.437,89.374,,,,
3255,11/25/17 07:30:00 AM,11.613,93.989,,,,
3256,11/25/17 08:00:00 AM,11.783,93.521,,,,
3257,11/25/17 08:30:00 AM,12.219,92.421,,,,
3258,11/25/17 09:00:00 AM,13.233,92.707,,,,
3259,11/25/17 09:30:00 AM,14.984,88.301,,,,
3260,11/25/17 10:00:00 AM,14.218,90.235,,,,
3261,11/25/17 10:30:00 AM,17.391,67.718,,,,
3262,11/25/17 11:00:00 AM,19.389,61.105,,,,
3263,11/25/17 11:30:00 AM,19.603,58.775,,,,
3264,11/25/17 12:00:00 PM,19.222,58.867,,,,
3265,11/25/17 12:30:00 PM,19.151,58.674,,,,
3266,11/25/17 01:00:00 PM,19.532,61.581,,,,
3267,11/25/17 01:30:00 PM,19.246,73.586,,,,
3268,11/25/17 02:00:00 PM,20.555,56.040,,,,
3269,11/25/17 02:30:00 PM,20.722,58.185,,,,
3270,11/25/17 03:00:00 PM,20.746,56.038,,,,
3271,11/25/17 03:30:00 PM,19.698,60.853,,,,
3272,11/25/17 04:00:00 PM,19.056,59.661,,,,
3273,11/25/17 04:30:00 PM,17.748,67.401,,,,
3274,11/25/17 05:00:00 PM,16.654,75.441,,,,
3275,11/25/17 05:30:00 PM,15.270,80.660,,,,
3276,11/25/17 06:00:00 PM,15.223,77.762,,,,
3277,11/25/17 06:30:00 PM,15.223,79.210,,,,
3278,11/25/17 07:00:00 PM,15.079,81.279,,,,
3279,11/25/17 07:30:00 PM,15.031,79.557,,,,
3280,11/25/17 08:00:00 PM,15.031,81.241,,,,
3281,11/25/17 08:30:00 PM,14.840,81.776,,,,
3282,11/25/17 09:00:00 PM,14.984,82.657,,,,
3283,11/25/17 09:30:00 PM,14.505,83.992,,,,
3284,11/25/17 10:00:00 PM,13.906,86.761,,,,
3285,11/25/17 10:30:00 PM,13.882,85.576,,,,
3286,11/25/17 11:00:00 PM,13.401,86.641,,,,
3287,11/25/17 11:30:00 PM,13.618,85.460,,,,
3288,11/26/17 12:00:00 AM,13.570,87.082,,,,
3289,11/26/17 12:30:00 AM,13.978,84.007,,,,
3290,11/26/17 01:00:00 AM,14.098,82.512,,,,
3291,11/26/17 01:30:00 AM,14.433,81.959,,,,
3292,11/26/17 02:00:00 AM,13.762,84.686,,,,
3293,11/26/17 02:30:00 AM,13.305,86.538,,,,
3294,11/26/17 03:00:00 AM,13.473,91.362,,,,
3295,11/26/17 03:30:00 AM,12.703,93.037,,,,
3296,11/26/17 04:00:00 AM,13.425,93.844,,,,
3297,11/26/17 04:30:00 AM,13.882,92.925,,,,
3298,11/26/17 05:00:00 AM,14.457,92.028,,,,
3299,11/26/17 05:30:00 AM,14.768,92.369,,,,
3300,11/26/17 06:00:00 AM,14.936,91.677,,,,
3301,11/26/17 06:30:00 AM,14.409,95.853,,,,
3302,11/26/17 07:00:00 AM,14.050,97.648,,,,
3303,11/26/17 07:30:00 AM,13.930,98.047,,,,
3304,11/26/17 08:00:00 AM,14.026,97.946,,,,
3305,11/26/17 08:30:00 AM,14.290,97.764,,,,
3306,11/26/17 09:00:00 AM,14.337,97.650,,,,
3307,11/26/17 09:30:00 AM,14.361,97.580,,,,
3308,11/26/17 10:00:00 AM,14.433,97.395,,,,
3309,11/26/17 10:30:00 AM,14.457,97.300,,,,
3310,11/26/17 11:00:00 AM,14.409,97.185,,,,
3311,11/26/17 11:30:00 AM,14.481,96.897,,,,
3312,11/26/17 12:00:00 PM,14.505,96.674,,,,
3313,11/26/17 12:30:00 PM,14.505,96.443,,,,
3314,11/26/17 01:00:00 PM,14.409,96.289,,,,
3315,11/26/17 01:30:00 PM,14.361,96.251,,,,
3316,11/26/17 02:00:00 PM,14.337,96.296,,,,
3317,11/26/17 02:30:00 PM,13.906,96.947,,,,
3318,11/26/17 03:00:00 PM,13.425,97.581,,,,
3319,11/26/17 03:30:00 PM,12.920,97.646,,,,
3320,11/26/17 04:00:00 PM,12.871,97.557,,,,
3321,11/26/17 04:30:00 PM,12.799,97.512,,,,
3322,11/26/17 05:00:00 PM,12.558,97.649,,,,
3323,11/26/17 05:30:00 PM,12.485,97.730,,,,
3324,11/26/17 06:00:00 PM,12.171,98.198,,,,
3325,11/26/17 06:30:00 PM,11.977,98.246,,,,
3326,11/26/17 07:00:00 PM,11.929,98.132,,,,
3327,11/26/17 07:30:00 PM,11.783,98.192,,,,
3328,11/26/17 08:00:00 PM,11.613,98.421,,,,
3329,11/26/17 08:30:00 PM,11.516,98.470,,,,
3330,11/26/17 09:00:00 PM,10.858,98.239,,,,
3331,11/26/17 09:30:00 PM,10.173,97.850,,,,
3332,11/26/17 10:00:00 PM,10.124,97.337,,,,
3333,11/26/17 10:30:00 PM,9.879,97.570,,,,
3334,11/26/17 11:00:00 PM,10.345,98.122,,,,
3335,11/26/17 11:30:00 PM,9.632,98.943,,,,
3336,11/27/17 12:00:00 AM,8.170,99.028,,,,
3337,11/27/17 12:30:00 AM,7.795,99.119,,,,
3338,11/27/17 01:00:00 AM,7.619,99.070,,,,
3339,11/27/17 01:30:00 AM,7.419,99.062,,,,
3340,11/27/17 02:00:00 AM,7.419,99.038,,,,
3341,11/27/17 02:30:00 AM,7.469,99.027,,,,
3342,11/27/17 03:00:00 AM,7.318,99.034,,,,
3343,11/27/17 03:30:00 AM,7.318,99.083,,,,
3344,11/27/17 04:00:00 AM,7.192,99.096,,,,
3345,11/27/17 04:30:00 AM,7.091,99.019,,,,
3346,11/27/17 05:00:00 AM,6.636,99.086,,,,
3347,11/27/17 05:30:00 AM,5.898,99.170,,,,
3348,11/27/17 06:00:00 AM,5.898,99.073,,,,
3349,11/27/17 06:30:00 AM,5.745,99.078,,,,
3350,11/27/17 07:00:00 AM,5.668,99.129,,,,
3351,11/27/17 07:30:00 AM,5.411,99.105,,,,
3352,11/27/17 08:00:00 AM,6.153,98.853,,,,
3353,11/27/17 08:30:00 AM,6.661,98.654,,,,
3354,11/27/17 09:00:00 AM,7.116,98.586,,,,
3355,11/27/17 09:30:00 AM,7.720,98.803,,,,
3356,11/27/17 10:00:00 AM,8.693,95.848,,,,
3357,11/27/17 10:30:00 AM,9.139,96.918,,,,
3358,11/27/17 11:00:00 AM,10.222,95.453,,,,
3359,11/27/17 11:30:00 AM,11.273,92.153,,,,
3360,11/27/17 12:00:00 PM,12.098,91.016,,,,
3361,11/27/17 12:30:00 PM,12.630,86.218,,,,
3362,11/27/17 01:00:00 PM,13.257,84.165,,,,
3363,11/27/17 01:30:00 PM,13.642,76.901,,,,
3364,11/27/17 02:00:00 PM,13.906,76.453,,,,
3365,11/27/17 02:30:00 PM,14.337,75.337,,,,
3366,11/27/17 03:00:00 PM,14.170,85.320,,,,
3367,11/27/17 03:30:00 PM,14.242,78.279,,,,
3368,11/27/17 04:00:00 PM,13.112,83.700,,,,
3369,11/27/17 04:30:00 PM,11.565,89.343,,,,
3370,11/27/17 05:00:00 PM,9.509,94.454,,,,
3371,11/27/17 05:30:00 PM,8.494,96.493,,,,
3372,11/27/17 06:00:00 PM,8.145,97.491,,,,
3373,11/27/17 06:30:00 PM,7.795,97.988,,,,
3374,11/27/17 07:00:00 PM,7.594,98.228,,,,
3375,11/27/17 07:30:00 PM,7.544,98.460,,,,
3376,11/27/17 08:00:00 PM,7.645,98.069,,,,
3377,11/27/17 08:30:00 PM,7.444,98.038,,,,
3378,11/27/17 09:00:00 PM,7.015,98.459,,,,
3379,11/27/17 09:30:00 PM,7.192,98.337,,,,
3380,11/27/17 10:00:00 PM,7.015,98.557,,,,
3381,11/27/17 10:30:00 PM,6.914,98.798,,,,
3382,11/27/17 11:00:00 PM,7.091,98.578,,,,
3383,11/27/17 11:30:00 PM,7.116,98.561,,,,
3384,11/28/17 12:00:00 AM,7.041,98.662,,,,
3385,11/28/17 12:30:00 AM,6.611,98.811,,,,
3386,11/28/17 01:00:00 AM,6.560,98.821,,,,
3387,11/28/17 01:30:00 AM,6.560,98.821,,,,
3388,11/28/17 02:00:00 AM,6.458,98.768,,,,
3389,11/28/17 02:30:00 AM,6.408,98.485,,,,
3390,11/28/17 03:00:00 AM,6.204,98.818,,,,
3391,11/28/17 03:30:00 AM,6.026,99.109,,,,
3392,11/28/17 04:00:00 AM,5.642,99.146,,,,
3393,11/28/17 04:30:00 AM,5.257,99.279,,,,
3394,11/28/17 05:00:00 AM,4.895,99.394,,,,
3395,11/28/17 05:30:00 AM,5.796,99.384,,,,
3396,11/28/17 06:00:00 AM,5.282,99.335,,,,
3397,11/28/17 06:30:00 AM,5.024,99.406,,,,
3398,11/28/17 07:00:00 AM,4.844,99.403,,,,
3399,11/28/17 07:30:00 AM,4.766,99.429,,,,
3400,11/28/17 08:00:00 AM,4.973,99.416,,,,
3401,11/28/17 08:30:00 AM,5.385,99.315,,,,
3402,11/28/17 09:00:00 AM,6.839,98.997,,,,
3403,11/28/17 09:30:00 AM,7.945,99.063,,,,
3404,11/28/17 10:00:00 AM,8.965,94.336,,,,
3405,11/28/17 10:30:00 AM,10.075,88.740,,,,
3406,11/28/17 11:00:00 AM,10.810,83.923,,,,
3407,11/28/17 11:30:00 AM,11.443,82.456,,,,
3408,11/28/17 12:00:00 PM,12.727,82.313,,,,
3409,11/28/17 12:30:00 PM,12.944,78.694,,,,
3410,11/28/17 01:00:00 PM,13.497,77.205,,,,
3411,11/28/17 01:30:00 PM,13.978,76.552,,,,
3412,11/28/17 02:00:00 PM,14.361,72.059,,,,
3413,11/28/17 02:30:00 PM,14.290,68.777,,,,
3414,11/28/17 03:00:00 PM,14.864,66.241,,,,
3415,11/28/17 03:30:00 PM,15.891,66.424,,,,
3416,11/28/17 04:00:00 PM,14.074,72.344,,,,
3417,11/28/17 04:30:00 PM,13.329,74.738,,,,
3418,11/28/17 05:00:00 PM,12.799,76.947,,,,
3419,11/28/17 05:30:00 PM,11.953,82.084,,,,
3420,11/28/17 06:00:00 PM,11.273,85.631,,,,
3421,11/28/17 06:30:00 PM,10.247,89.720,,,,
3422,11/28/17 07:00:00 PM,10.001,90.953,,,,
3423,11/28/17 07:30:00 PM,9.435,92.605,,,,
3424,11/28/17 08:00:00 PM,9.188,93.660,,,,
3425,11/28/17 08:30:00 PM,8.394,95.542,,,,
3426,11/28/17 09:00:00 PM,7.945,96.245,,,,
3427,11/28/17 09:30:00 PM,7.745,97.455,,,,
3428,11/28/17 10:00:00 PM,7.945,97.931,,,,
3429,11/28/17 10:30:00 PM,8.120,97.435,,,,
3430,11/28/17 11:00:00 PM,8.070,98.163,,,,
3431,11/28/17 11:30:00 PM,8.095,98.022,,,,
3432,11/29/17 12:00:00 AM,8.195,98.099,,,,
3433,11/29/17 12:30:00 AM,8.120,97.856,,,,
3434,11/29/17 01:00:00 AM,7.845,98.199,,,,
3435,11/29/17 01:30:00 AM,7.720,98.016,,,,
3436,11/29/17 02:00:00 AM,7.519,98.059,,,,
3437,11/29/17 02:30:00 AM,7.242,98.179,,,,
3438,11/29/17 03:00:00 AM,7.268,98.775,,,,
3439,11/29/17 03:30:00 AM,7.318,98.936,,,,
3440,11/29/17 04:00:00 AM,7.494,98.298,,,,
3441,11/29/17 04:30:00 AM,7.142,98.593,,,,
3442,11/29/17 05:00:00 AM,6.864,98.613,,,,
3443,11/29/17 05:30:00 AM,6.763,98.731,,,,
3444,11/29/17 06:00:00 AM,6.585,98.633,,,,
3445,11/29/17 06:30:00 AM,5.924,98.788,,,,
3446,11/29/17 07:00:00 AM,6.051,99.165,,,,
3447,11/29/17 07:30:00 AM,6.000,99.247,,,,
3448,11/29/17 08:00:00 AM,6.077,99.220,,,,
3449,11/29/17 08:30:00 AM,7.217,97.236,,,,
3450,11/29/17 09:00:00 AM,8.020,94.363,,,,
3451,11/29/17 09:30:00 AM,8.568,92.126,,,,
3452,11/29/17 10:00:00 AM,10.051,85.740,,,,
3453,11/29/17 10:30:00 AM,11.565,82.753,,,,
3454,11/29/17 11:00:00 AM,12.509,79.782,,,,
3455,11/29/17 11:30:00 AM,13.786,75.449,,,,
3456,11/29/17 12:00:00 PM,14.936,72.883,,,,
3457,11/29/17 12:30:00 PM,15.438,68.207,,,,
3458,11/29/17 01:00:00 PM,16.177,68.052,,,,
3459,11/29/17 01:30:00 PM,16.987,65.590,,,,
3460,11/29/17 02:00:00 PM,17.082,61.090,,,,
3461,11/29/17 02:30:00 PM,16.796,61.702,,,,
3462,11/29/17 03:00:00 PM,16.225,60.980,,,,
3463,11/29/17 03:30:00 PM,15.819,61.898,,,,
3464,11/29/17 04:00:00 PM,15.008,75.614,,,,
3465,11/29/17 04:30:00 PM,12.509,84.262,,,,
3466,11/29/17 05:00:00 PM,10.980,88.911,,,,
3467,11/29/17 05:30:00 PM,9.731,91.142,,,,
3468,11/29/17 06:00:00 PM,9.460,92.048,,,,
3469,11/29/17 06:30:00 PM,9.386,92.541,,,,
3470,11/29/17 07:00:00 PM,9.064,93.704,,,,
3471,11/29/17 07:30:00 PM,9.040,94.280,,,,
3472,11/29/17 08:00:00 PM,8.866,94.612,,,,
3473,11/29/17 08:30:00 PM,8.668,95.791,,,,
3474,11/29/17 09:00:00 PM,8.618,94.647,,,,
3475,11/29/17 09:30:00 PM,8.792,93.784,,,,
3476,11/29/17 10:00:00 PM,8.045,95.223,,,,
3477,11/29/17 10:30:00 PM,7.895,96.256,,,,
3478,11/29/17 11:00:00 PM,8.270,93.166,,,,
3479,11/29/17 11:30:00 PM,7.469,95.418,,,,
3480,11/30/17 12:00:00 AM,7.268,96.631,,,,
3481,11/30/17 12:30:00 AM,7.091,96.137,,,,
3482,11/30/17 01:00:00 AM,6.788,96.550,,,,
3483,11/30/17 01:30:00 AM,6.408,97.358,,,,
3484,11/30/17 02:00:00 AM,6.636,97.814,,,,
3485,11/30/17 02:30:00 AM,7.268,93.005,,,,
3486,11/30/17 03:00:00 AM,6.408,95.802,,,,
3487,11/30/17 03:30:00 AM,5.949,97.182,,,,
3488,11/30/17 04:00:00 AM,5.872,97.160,,,,
3489,11/30/17 04:30:00 AM,6.000,96.137,,,,
3490,11/30/17 05:00:00 AM,6.331,93.438,,,,
3491,11/30/17 05:30:00 AM,5.898,95.045,,,,
3492,11/30/17 06:00:00 AM,6.382,92.597,,,,
3493,11/30/17 06:30:00 AM,5.949,92.132,,,,
3494,11/30/17 07:00:00 AM,5.616,94.795,,,,
3495,11/30/17 07:30:00 AM,5.693,94.791,,,,
3496,11/30/17 08:00:00 AM,6.026,94.631,,,,
3497,11/30/17 08:30:00 AM,7.444,87.756,,,,
3498,11/30/17 09:00:00 AM,7.494,89.086,,,,
3499,11/30/17 09:30:00 AM,8.916,87.700,,,,
3500,11/30/17 10:00:00 AM,11.832,70.716,,,,
3501,11/30/17 10:30:00 AM,13.762,66.713,,,,
3502,11/30/17 11:00:00 AM,13.473,72.567,,,,
3503,11/30/17 11:30:00 AM,14.529,68.012,,,,
3504,11/30/17 12:00:00 PM,15.581,64.962,,,,
3505,11/30/17 12:30:00 PM,15.963,58.056,,,,
3506,11/30/17 01:00:00 PM,16.796,55.940,,,,
3507,11/30/17 01:30:00 PM,16.939,48.865,,,,
3508,11/30/17 02:00:00 PM,17.368,51.225,,,,
3509,11/30/17 02:30:00 PM,17.225,53.153,,,,
3510,11/30/17 03:00:00 PM,17.249,52.323,,,,
3511,11/30/17 03:30:00 PM,16.368,56.787,,,,
3512,11/30/17 04:00:00 PM,16.249,60.206,,,,
3513,11/30/17 04:30:00 PM,14.433,71.959,,,,
3514,11/30/17 05:00:00 PM,12.001,83.984,,,,
3515,11/30/17 05:30:00 PM,11.053,86.508,,,,
3516,11/30/17 06:00:00 PM,11.127,83.755,,,,
3517,11/30/17 06:30:00 PM,10.369,88.447,,,,
3518,11/30/17 07:00:00 PM,10.296,80.604,,,,
3519,11/30/17 07:30:00 PM,9.731,81.127,,,,
3520,11/30/17 08:00:00 PM,9.460,77.044,,,,
3521,11/30/17 08:30:00 PM,9.089,81.843,,,,
3522,11/30/17 09:00:00 PM,8.841,82.376,,,,
3523,11/30/17 09:30:00 PM,8.369,86.208,,,,
3524,11/30/17 10:00:00 PM,7.770,87.446,,,,
3525,11/30/17 10:30:00 PM,7.142,91.249,,,,
3526,11/30/17 11:00:00 PM,6.864,93.101,,,,
3527,11/30/17 11:30:00 PM,6.661,93.149,,,,
3528,12/01/17 12:00:00 AM,6.230,94.686,,,,
3529,12/01/17 12:30:00 AM,6.661,93.902,,,,
3530,12/01/17 01:00:00 AM,6.306,94.557,,,,
3531,12/01/17 01:30:00 AM,6.102,95.249,,,,
3532,12/01/17 02:00:00 AM,6.204,95.102,,,,
3533,12/01/17 02:30:00 AM,6.051,95.904,,,,
3534,12/01/17 03:00:00 AM,6.051,96.521,,,,
3535,12/01/17 03:30:00 AM,6.484,95.451,,,,
3536,12/01/17 04:00:00 AM,6.102,95.199,,,,
3537,12/01/17 04:30:00 AM,6.763,90.490,,,,
3538,12/01/17 05:00:00 AM,6.179,91.585,,,,
3539,12/01/17 05:30:00 AM,5.437,93.976,,,,
3540,12/01/17 06:00:00 AM,5.616,93.725,,,,
3541,12/01/17 06:30:00 AM,5.231,94.170,,,,
3542,12/01/17 07:00:00 AM,5.076,94.302,,,,
3543,12/01/17 07:30:00 AM,5.128,95.726,,,,
3544,12/01/17 08:00:00 AM,5.796,94.545,,,,
3545,12/01/17 08:30:00 AM,6.889,90.165,,,,
3546,12/01/17 09:00:00 AM,7.695,87.480,,,,
3547,12/01/17 09:30:00 AM,8.494,87.727,,,,
3548,12/01/17 10:00:00 AM,10.051,81.549,,,,
3549,12/01/17 10:30:00 AM,10.980,78.629,,,,
3550,12/01/17 11:00:00 AM,11.492,79.287,,,,
3551,12/01/17 11:30:00 AM,12.847,69.485,,,,
3552,12/01/17 12:00:00 PM,13.762,64.293,,,,
3553,12/01/17 12:30:00 PM,14.553,65.251,,,,
3554,12/01/17 01:00:00 PM,14.529,62.069,,,,
3555,12/01/17 01:30:00 PM,15.605,57.518,,,,
3556,12/01/17 02:00:00 PM,16.177,53.188,,,,
3557,12/01/17 02:30:00 PM,16.439,53.962,,,,
3558,12/01/17 03:00:00 PM,16.153,53.645,,,,
3559,12/01/17 03:30:00 PM,15.748,59.856,,,,
3560,12/01/17 04:00:00 PM,14.194,71.456,,,,
3561,12/01/17 04:30:00 PM,11.856,81.358,,,,
3562,12/01/17 05:00:00 PM,10.541,85.432,,,,
3563,12/01/17 05:30:00 PM,9.534,89.101,,,,
3564,12/01/17 06:00:00 PM,9.312,88.552,,,,
3565,12/01/17 06:30:00 PM,9.410,86.694,,,,
3566,12/01/17 07:00:00 PM,8.344,91.736,,,,
3567,12/01/17 07:30:00 PM,8.195,92.716,,,,
3568,12/01/17 08:00:00 PM,7.770,93.389,,,,
3569,12/01/17 08:30:00 PM,7.519,94.255,,,,
3570,12/01/17 09:00:00 PM,7.494,95.225,,,,
3571,12/01/17 09:30:00 PM,7.469,95.916,,,,
3572,12/01/17 10:00:00 PM,7.167,95.984,,,,
3573,12/01/17 10:30:00 PM,6.965,96.425,,,,
3574,12/01/17 11:00:00 PM,6.813,95.937,,,,
3575,12/01/17 11:30:00 PM,6.661,97.083,,,,
3576,12/02/17 12:00:00 AM,6.914,96.584,,,,
3577,12/02/17 12:30:00 AM,6.687,96.596,,,,
3578,12/02/17 01:00:00 AM,6.408,97.358,,,,
3579,12/02/17 01:30:00 AM,6.102,97.568,,,,
3580,12/02/17 02:00:00 AM,6.051,97.136,,,,
3581,12/02/17 02:30:00 AM,6.331,97.999,,,,
3582,12/02/17 03:00:00 AM,6.128,97.624,,,,
3583,12/02/17 03:30:00 AM,6.306,97.034,,,,
3584,12/02/17 04:00:00 AM,6.255,98.247,,,,
3585,12/02/17 04:30:00 AM,6.230,98.240,,,,
3586,12/02/17 05:00:00 AM,5.821,97.930,,,,
3587,12/02/17 05:30:00 AM,5.539,98.485,,,,
3588,12/02/17 06:00:00 AM,6.077,99.002,,,,
3589,12/02/17 06:30:00 AM,6.255,98.393,,,,
3590,12/02/17 07:00:00 AM,6.128,97.624,,,,
3591,12/02/17 07:30:00 AM,6.153,98.023,,,,
3592,12/02/17 08:00:00 AM,6.077,97.806,,,,
3593,12/02/17 08:30:00 AM,6.611,98.052,,,,
3594,12/02/17 09:00:00 AM,8.519,96.799,,,,
3595,12/02/17 09:30:00 AM,8.916,95.506,,,,
3596,12/02/17 10:00:00 AM,10.222,92.629,,,,
3597,12/02/17 10:30:00 AM,10.173,90.324,,,,
3598,12/02/17 10:59:01 AM,,,,Logged,,
3599,12/02/17 10:59:03 AM,,,,,Logged,Logged
